0  -0.232131
1  -0.40806
2  -0.366832
3  -0.267722
4  -0.180565
5  -0.149387
6  -0.177282
7  -0.443644
8  0.530618
9  0.0515277
10  0.176778
11  0.351829
12  0.122133
13  -0.445731
14  0.115152
15  -0.506066
16  0.088288
17  -0.447304
18  -0.327307
19  -0.379922
20  0.471924
21  -0.0658284
22  0.323621
23  -0.869021
24  -0.585341
25  0.0170906
26  -0.346917
27  -0.161197
28  -0.346689
29  0.217493
30  0.0471476
31  -0.171644
32  -0.0720696
33  -0.588182
34  -0.34877
35  0.317896
36  0.182765
37  -0.0545033
38  0.501609
39  0.128014
40  -0.17347
41  -0.171941
42  -0.113073
43  -0.471539
44  -0.0913074
45  -0.139027
46  -0.251222
47  0.736716
48  0.16253
49  0.317557
50  0.120871
51  -0.377913
52  0.0648327
53  -0.165024
54  0.304277
55  -0.541588
56  -0.386601
57  -0.289635
58  -0.399829
59  -0.713303
60  0.408119
61  -0.0238492
62  -0.471331
63  0.225935
64  -0.345286
65  0.0382151
66  0.770488
67  -0.0455434
68  -0.149055
69  -0.376929
70  -0.145909
71  0.0639407
72  0.887091
73  0.120368
74  0.231774
75  -0.167328
76  0.133801
77  0.870605
78  0.0787373
79  -0.520342
80  -0.0220088
81  0.161869
82  -0.0421613
83  0.253184
84  -0.42358
85  -0.190952
86  -0.165955
87  0.203967
88  0.843567
89  -0.0812316
90  -0.00891913
91  -0.186304
92  0.38048
93  -0.00721521
94  -0.000250898
95  -0.621064
96  0.0428496
97  -0.639515
98  -0.15796
99  -0.975212
100  -0.150739
101  0.28004
102  0.653551
103  0.648412
104  0.0333607
105  -0.085424
106  -0.291001
107  0.654769
108  0.164943
109  -0.348667
110  -0.135825
111  -0.192239
112  0.629035
113  0.0532
114  0.0194286
115  0.377112
116  0.353064
117  -0.201963
118  0.415654
119  0.123616
120  0.0898507
121  0.108099
122  -0.184316
123  0.243347
124  0.1274
125  0.273102
126  0.0986136
127  -0.423357
128  0.129467
129  0.1344
130  -0.378123
131  -0.192686
132  -0.385095
133  0.0502588
134  0.263957
135  -0.422289
136  0.687507
137  0.363683
138  0.278715
139  0.412981
140  0.044431
141  0.269166
142  0.616483
143  0.090227
144  0.201836
145  0.31711
146  0.435138
147  0.310182
148  0.469635
149  0.413402
150  -0.331565
151  -0.0373073
152  0.0331394
153  0.141438
154  0.423053
155  -0.497932
156  0.441677
157  -0.253563
158  0.741934
159  0.432327
160  0.0765728
161  -0.0545907
162  0.0999216
163  -0.0515462
164  -0.183772
165  -0.785458
166  -0.428488
167  -0.508124
168  -0.118905
169  -0.0048895
170  0.163931
171  0.0359723
172  0.511918
173  0.271946
174  0.193813
175  -0.0455848
176  0.0804979
177  -0.299817
178  -0.244942
179  -0.553245
180  -0.164437
181  -0.0317121
182  -0.0853351
183  0.073082
184  0.016943
185  0.45327
186  -0.110771
187  -0.0807323
188  0.188621
189  0.104413
190  0.204975
191  -0.346349
192  -0.102925
193  0.497592
194  0.18078
195  0.0837079
196  -1.47535
197  -21.5871
198  -135.67
199  -463.851
200  -1041.03
201  -1765.05
202  -2470.02
203  -3015.53
204  -3336.04
205  -3426.16
206  -3326.11
207  -3090.88
208  -2775.62
209  -2428.45
210  -2082.16
211  -1760.21
212  -1476.15
213  -1232.64
214  -1028.75
215  -860.776
216  -726.403
217  -616.411
218  -528.143
219  -456.329
220  -398.689
221  -353.177
222  -316.396
223  -286.157
224  -258.676
225  -230.465
226  -202.772
227  -174.579
228  -147.741
229  -124.472
230  -105.366
231  -89.9187
232  -78.3265
233  -70.7356
234  -67.1504
235  -65.8183
236  -67.5482
237  -69.6743
238  -71.972
239  -75.1732
240  -77.4012
241  -77.9828
242  -79.1474
243  -79.2023
244  -79.4243
245  -78.882
246  -78.3982
247  -78.9798
248  -77.9069
249  -75.9518
250  -74.5144
251  -73.657
252  -73.0735
253  -72.6669
254  -71.7355
255  -71.2962
256  -70.3668
257  -68.7467
258  -67.1142
259  -65.8827
260  -64.2621
261  -62.9768
262  -60.9811
263  -58.7014
264  -57.3936
265  -55.5693
266  -53.0579
267  -50.7506
268  -48.3599
269  -46.2599
270  -44.5921
271  -42.7945
272  -41.9619
273  -40.6126
274  -39.9706
275  -39.8634
276  -40.1898
277  -40.6001
278  -40.2375
279  -40.0624
280  -39.9003
281  -40.2017
282  -41.9341
283  -44.7664
284  -47.9965
285  -50.8034
286  -51.9258
287  -52.9205
288  -50.3567
289  -48.3518
290  -44.919
291  -40.5945
292  -36.613
293  -33.1675
294  -30.4326
295  -27.6457
296  -25.1745
297  -23.6839
298  -22.5193
299  -21.9349
300  -20.8178
301  -20.2336
302  -20.2574
303  -18.6517
304  -18.4601
305  -18.2231
306  -17.1812
307  -17.9519
308  -17.1532
309  -16.8255
310  -16.0006
311  -15.6527
312  -15.0557
313  -13.8747
314  -13.6645
315  -12.8218
316  -13.8423
317  -13.9947
318  -13.4024
319  -12.6806
320  -13.0772
321  -12.9347
322  -12.4931
323  -12.531
324  -12.1896
325  -12.2281
326  -12.9073
327  -12.2069
328  -12.2271
329  -12.9001
330  -12.6227
331  -12.4063
332  -12.4693
333  -11.7536
334  -11.7501
335  -11.0166
336  -10.3687
337  -10.5367
338  -10.2278
339  -10.4335
340  -10.3526
341  -10.4183
342  -9.75061
343  -10.0706
344  -9.80925
345  -9.40861
346  -8.96872
347  -9.36159
348  -8.67355
349  -8.53133
350  -8.26479
351  -8.4184
352  -8.53696
353  -8.83396
354  -8.72445
355  -9.43738
356  -9.61755
357  -9.86502
358  -10.2886
359  -10.4984
360  -10.0164
361  -10.4198
362  -9.93602
363  -9.78488
364  -9.70107
365  -9.10156
366  -8.41087
367  -7.79495
368  -6.48421
369  -6.43464
370  -5.83045
371  -6.05743
372  -5.59697
373  -6.20671
374  -7.16135
375  -7.46309
376  -7.60047
377  -8.07231
378  -7.32113
379  -8.07898
380  -8.83257
381  -7.68121
382  -8.12189
383  -8.40903
384  -9.96111
385  -12.1148
386  -14.1922
387  -15.5138
388  -17.0192
389  -17.5668
390  -16.8854
391  -15.5784
392  -13.6715
393  -9.76192
394  -5.32288
395  -0.262166
396  4.20686
397  7.9027
398  10.6548
399  11.9227
400  13.2682
401  11.6531
402  10.5606
403  8.95102
404  6.32164
405  3.25939
406  -0.193259
407  -2.29682
408  -3.09559
409  -3.30235
410  -2.92967
411  -2.44178
412  -2.56026
413  -3.15408
414  -3.17729
415  -3.69278
416  -4.03613
417  -4.48911
418  -4.32983
419  -5.97993
420  -6.99469
421  -7.28287
422  -7.79331
423  -8.59919
424  -9.0601
425  -9.02985
426  -9.07367
427  -9.18592
428  -10.1046
429  -12.2692
430  -13.9616
431  -15.5772
432  -15.7519
433  -17.5577
434  -18.0923
435  -17.6885
436  -16.926
437  -16.0038
438  -15.699
439  -15.7151
440  -16.23
441  -16.8629
442  -19.0746
443  -22.7999
444  -27.3234
445  -32.4759
446  -37.1708
447  -39.9431
448  -41.5013
449  -40.7419
450  -38.8398
451  -35.4121
452  -31.4365
453  -26.5056
454  -21.6901
455  -17.0386
456  -13.6253
457  -9.44809
458  -7.07524
459  -4.75397
460  -2.44854
461  -1.10927
462  0.763177
463  2.16994
464  2.7024
465  3.59218
466  3.30697
467  3.77692
468  3.80253
469  4.72072
470  5.30341
471  5.48524
472  5.08321
473  4.9755
474  6.15038
475  6.45525
476  5.95327
477  6.6735
478  6.08447
479  6.16184
480  5.88202
481  5.25972
482  4.75437
483  4.7241
484  3.82594
485  3.12439
486  3.23194
487  3.00556
488  2.54598
489  2.32301
490  2.42708
491  2.90582
492  2.21087
493  1.97121
494  1.99086
495  1.94798
496  0.720163
497  1.33788
498  0.754096
499  1.10979
500  1.49334
501  1.68479
502  2.02182
503  1.93089
504  1.78204
505  1.03192
506  0.746333
507  0.949391
508  0.231602
509  0.106534
510  1.00332
511  1.10778
512  1.40312
513  1.32197
514  1.1683
515  1.51411
516  0.193473
517  0.450414
518  0.442538
519  0.395657
520  0.206166
521  -0.111609
522  0.471865
523  0.158178
524  0.936816
525  0.555103
526  0.800823
527  0.256141
528  0.481428
529  -0.280593
530  -0.249103
531  -0.107231
532  -0.437121
533  -0.130976
534  -0.699738
535  0.20622
536  0.16097
537  0.64495
538  0.946283
539  0.753287
540  0.76819
541  0.56009
542  0.420456
543  -0.13385
544  0.518664
545  0.366774
546  0.781785
547  0.915024
548  -0.0464036
549  0.420966
550  0.813684
551  -0.148117
552  0.247836
553  0.0582105
554  0.769937
555  0.470266
556  0.197794
557  0.202135
558  0.0457217
559  -0.00513263
560  -0.0790444
561  -0.421896
562  -0.493839
563  -0.464418
564  -1.42853
565  -0.923319
566  0.296482
567  -0.0399085
568  0.452335
569  -0.211438
570  0.316505
571  0.206873
572  0.468379
573  -0.0792152
574  -0.253313
575  0.0301797
576  -0.309063
577  -0.601577
578  -1.11141
579  -0.718098
580  -1.0969
581  -0.802205
582  -0.507105
583  -0.432758
584  -0.13659
585  -0.119487
586  -0.666955
587  -1.21323
588  -1.30091
589  -0.730597
590  -0.383554
591  -0.484537
592  -0.687781
593  0.246046
594  0.243556
595  -0.611935
596  -0.842132
597  -1.09914
598  -1.26888
599  -1.17072
