0  0.288061
1  0.094706
2  -0.200405
3  -0.0647714
4  -0.13345
5  0.182186
6  -0.246347
7  0.112421
8  0.247478
9  -0.238651
10  0.206426
11  0.156092
12  -0.0455674
13  0.275698
14  -0.32066
15  -0.292019
16  -0.294272
17  -0.221595
18  -0.198669
19  0.296127
20  -0.494393
21  -0.502791
22  0.303044
23  -0.109928
24  -0.15308
25  0.299227
26  0.00944016
27  -0.339078
28  0.233097
29  0.372373
30  0.53881
31  0.09234
32  0.136833
33  -0.0156476
34  0.20208
35  0.0674349
36  0.312054
37  -0.0754342
38  0.0259923
39  -0.479909
40  0.296332
41  0.524445
42  -0.173678
43  -0.284814
44  0.0482991
45  -0.075473
46  -0.569587
47  -0.29864
48  0.184556
49  0.055367
50  -0.0658686
51  -0.0611129
52  -0.016266
53  0.11194
54  -0.108317
55  -0.139992
56  -0.151926
57  0.398771
58  -0.130904
59  0.250532
60  0.423015
61  0.565908
62  -0.117765
63  0.66812
64  0.191793
65  0.255764
66  0.52009
67  -0.333391
68  -0.27592
69  -0.377433
70  0.14001
71  -0.0923575
72  0.131858
73  -0.168386
74  -0.271676
75  -0.116728
76  0.020666
77  -0.0052371
78  0.306484
79  -0.286173
80  0.216124
81  0.0753685
82  -0.072369
83  -0.00913582
84  -0.355085
85  0.178992
86  -0.0138914
87  -0.314022
88  0.0214021
89  -0.112517
90  0.39293
91  -0.509953
92  0.631848
93  0.203042
94  -0.0818789
95  0.173724
96  -0.408206
97  0.456946
98  -0.264087
99  -0.109943
100  -0.0644997
101  -0.315832
102  -0.410031
103  -0.237541
104  -0.36553
105  0.0901698
106  0.110811
107  0.101378
108  -0.00433715
109  0.111965
110  -0.237198
111  -0.230686
112  0.137268
113  0.164815
114  0.137841
115  -0.408478
116  -0.0946428
117  -0.115465
118  -0.0824411
119  -0.241541
120  0.209893
121  0.447854
122  0.259074
123  0.164881
124  0.117486
125  0.13535
126  0.331181
127  -0.433946
128  0.453651
129  -0.117857
130  0.168318
131  0.028157
132  0.216795
133  -0.0915518
134  -0.185917
135  -0.270526
136  0.278382
137  -0.178862
138  0.0756794
139  -0.376545
140  0.15122
141  -0.2243
142  0.0424673
143  0.278162
144  0.268285
145  0.197047
146  0.00804896
147  0.142461
148  -0.00144791
149  -0.203358
150  0.162207
151  0.00629584
152  -0.246544
153  0.0806867
154  0.405299
155  -0.0424738
156  -0.290121
157  -0.169108
158  -0.056112
159  0.222814
160  -0.0922653
161  0.421752
162  -0.185402
163  0.0619125
164  -0.0665644
165  0.338601
166  0.0340726
167  -0.452601
168  -0.215791
169  -0.580892
170  0.0676268
171  -0.0479008
172  0.520608
173  0.0486547
174  -0.37156
175  -0.0136512
176  0.323852
177  -0.23504
178  0.254162
179  -0.307876
180  -0.0241024
181  0.0301512
182  -0.474535
183  0.0567831
184  0.0315461
185  -0.0713722
186  0.18387
187  -0.124504
188  0.494079
189  0.12725
190  0.0745141
191  0.032978
192  -0.211718
193  0.338338
194  0.202225
195  -0.206259
196  -1.24687
197  -22.989
198  -148.379
199  -511.143
200  -1155.51
201  -1969.19
202  -2761.32
203  -3372
204  -3717.67
205  -3802.71
206  -3672.44
207  -3392.98
208  -3028.29
209  -2631.95
210  -2244.31
211  -1888.57
212  -1575.08
213  -1307.05
214  -1084.01
215  -901.886
216  -755.107
217  -635.895
218  -541.595
219  -465.191
220  -404.658
221  -355.619
222  -319.716
223  -291.238
224  -267.402
225  -245.052
226  -220.61
227  -195.858
228  -170.633
229  -147.801
230  -126.982
231  -109.964
232  -96.9488
233  -87.0174
234  -81.6439
235  -77.3245
236  -74.9614
237  -74.1951
238  -73.5832
239  -74.5293
240  -74.2044
241  -74.652
242  -75.391
243  -74.5434
244  -74.7238
245  -74.2748
246  -73.2723
247  -72.9292
248  -71.2022
249  -69.9326
250  -68.7598
251  -66.4716
252  -64.9473
253  -62.5073
254  -61.2655
255  -59.8904
256  -59.246
257  -59.0861
258  -59.2108
259  -58.2819
260  -57.8389
261  -57.2207
262  -55.6216
263  -54.4653
264  -54.4193
265  -53.207
266  -52.037
267  -49.6631
268  -46.8954
269  -43.8743
270  -41.109
271  -38.4326
272  -35.9529
273  -34.2314
274  -33.2969
275  -31.4794
276  -31.5956
277  -31.1629
278  -29.7994
279  -28.4765
280  -27.9736
281  -28.5939
282  -30.4702
283  -32.2411
284  -32.8329
285  -32.8474
286  -31.2062
287  -29.5318
288  -26.5408
289  -24.0629
290  -21.1831
291  -18.1952
292  -16.19
293  -14.8758
294  -13.3457
295  -12.3361
296  -12.2773
297  -11.9666
298  -12.4764
299  -11.7245
300  -12.1009
301  -12.283
302  -11.9445
303  -11.9839
304  -12.1322
305  -11.8128
306  -11.4726
307  -10.85
308  -10.7459
309  -10.5445
310  -10.388
311  -10.8718
312  -10.6719
313  -10.9599
314  -10.6232
315  -10.4613
316  -10.8994
317  -10.819
318  -10.4746
319  -10.3501
320  -10.1524
321  -10.5632
322  -10.4816
323  -9.81522
324  -9.72165
325  -10.1378
326  -9.1474
327  -8.02848
328  -7.754
329  -6.04429
330  -5.91991
331  -4.26333
332  -3.88932
333  -3.60305
334  -4.37965
335  -5.22382
336  -5.77067
337  -6.16252
338  -6.78767
339  -6.79932
340  -6.3142
341  -6.12189
342  -6.39541
343  -6.11534
344  -6.01797
345  -6.1233
346  -6.32443
347  -6.09359
348  -6.43866
349  -6.71791
350  -7.07394
351  -7.16232
352  -7.68201
353  -7.1788
354  -7.09404
355  -7.18006
356  -6.16462
357  -5.85721
358  -6.94238
359  -6.56994
360  -7.11502
361  -7.04166
362  -7.0606
363  -7.91604
364  -8.37119
365  -7.69836
366  -7.95498
367  -8.60796
368  -8.59637
369  -8.63107
370  -7.67556
371  -6.93775
372  -6.36207
373  -5.75941
374  -6.42442
375  -8.08887
376  -8.30082
377  -7.59136
378  -6.61714
379  -5.09206
380  -3.65934
381  -1.69586
382  -0.427454
383  0.543483
384  1.52934
385  1.90972
386  2.27993
387  1.38236
388  0.0921459
389  -1.62889
390  -4.24782
391  -6.3314
392  -9.80622
393  -10.9002
394  -12.1178
395  -11.4173
396  -10.7768
397  -10.2076
398  -9.41071
399  -9.57457
400  -9.976
401  -11.9032
402  -13.3982
403  -13.9414
404  -14.7963
405  -14.5432
406  -13.6835
407  -12.3693
408  -11.2052
409  -10.999
410  -11.2323
411  -11.5023
412  -11.5545
413  -10.1146
414  -10.1593
415  -9.83901
416  -9.69113
417  -9.27832
418  -10.8622
419  -12.9358
420  -14.7343
421  -16.611
422  -17.3535
423  -18.6491
424  -18.9189
425  -19.1371
426  -17.3399
427  -17.5304
428  -16.9374
429  -16.1512
430  -15.2227
431  -15.0741
432  -15.0471
433  -16.7682
434  -20.6684
435  -25.5247
436  -28.6206
437  -31.3277
438  -31.1014
439  -28.2086
440  -23.7063
441  -17.7034
442  -11.4908
443  -5.07866
444  1.11726
445  5.89806
446  10.0556
447  13.5515
448  15.6781
449  17.0128
450  17.5323
451  18.4672
452  17.664
453  16.8141
454  16.2796
455  16.0724
456  14.9602
457  14.3281
458  13.4749
459  13.3311
460  12.6561
461  12.5209
462  11.8009
463  11.9335
464  11.2246
465  11.203
466  11.2786
467  10.6394
468  9.76966
469  9.32173
470  9.03434
471  8.54739
472  8.39125
473  8.31687
474  7.69599
475  7.7747
476  7.15085
477  6.82176
478  6.15123
479  6.19525
480  6.77293
481  6.17116
482  5.81862
483  5.68828
484  5.4463
485  5.66529
486  5.59881
487  5.99891
488  5.23904
489  5.639
490  5.05823
491  5.03207
492  5.30967
493  4.40295
494  5.02345
495  4.80409
496  4.22563
497  4.52678
498  3.86221
499  4.44951
500  4.71639
501  4.6093
502  4.56861
503  4.82764
504  4.60553
505  4.33062
506  4.49159
507  4.70169
508  3.72791
509  4.07259
510  4.44528
511  3.80648
512  3.56084
513  3.81324
514  3.35801
515  3.5299
516  3.3432
517  3.25517
518  3.25207
519  4.04316
520  3.78597
521  4.03067
522  3.84854
523  3.04713
524  3.61424
525  3.99111
526  3.55918
527  3.50335
528  3.28591
529  3.52871
530  3.29937
531  3.51577
532  3.59689
533  3.38608
534  3.17427
535  3.03042
536  2.82488
537  2.71056
538  2.375
539  2.49487
540  2.20159
541  2.63705
542  2.49648
543  2.4292
544  2.68433
545  2.73768
546  1.89779
547  2.46888
548  1.91152
549  2.17816
550  1.86903
551  2.50117
552  2.12337
553  2.78623
554  2.72745
555  2.67075
556  2.8846
557  2.67803
558  2.27761
559  2.17691
560  2.50107
561  2.31563
562  1.53978
563  2.68298
564  2.19197
565  2.03061
566  2.1399
567  2.12626
568  2.31908
569  1.56294
570  2.59347
571  2.20615
572  1.42452
573  2.13305
574  1.84419
575  2.21682
576  1.60533
577  1.29074
578  1.33368
579  1.47857
580  1.84211
581  1.03161
582  1.44773
583  1.73989
584  1.54257
585  1.52284
586  1.64457
587  1.64635
588  1.59272
589  1.70127
590  1.42815
591  1.31837
592  1.41529
593  0.839627
594  1.06931
595  1.39014
596  1.2639
597  1.63012
598  1.59721
599  1.2838
