0  0.064931
1  -0.168412
2  0.0832215
3  0.167804
4  0.713268
5  -0.194853
6  0.150807
7  0.526839
8  -0.0844771
9  -0.53826
10  0.231394
11  0.106002
12  -0.219277
13  -0.0107108
14  -0.291498
15  0.0461863
16  0.382913
17  -0.0150784
18  0.0246391
19  0.0976039
20  -0.0209728
21  -0.449152
22  -0.518722
23  -0.389667
24  0.198155
25  -0.759098
26  -0.94243
27  -0.222
28  0.355175
29  -0.0126538
30  0.172679
31  -0.108154
32  -0.0836636
33  -0.25665
34  -0.364537
35  0.466019
36  0.376361
37  -0.270388
38  -0.0729575
39  0.392028
40  -0.0461673
41  -0.263037
42  -0.0949616
43  -0.337107
44  -0.282738
45  -0.443297
46  -0.299734
47  0.174219
48  -0.669649
49  0.431432
50  0.201727
51  0.335759
52  0.310203
53  -0.490453
54  0.225441
55  0.173049
56  -0.0053492
57  -0.0318463
58  -0.407614
59  -0.450234
60  -0.206671
61  0.172331
62  -0.101237
63  0.0820186
64  -0.048617
65  -0.400484
66  0.0364985
67  -0.248876
68  -0.0384273
69  0.721023
70  0.0313382
71  0.205188
72  0.32702
73  -0.0566906
74  -0.0186041
75  -0.233688
76  0.0823866
77  0.314264
78  0.323665
79  -0.447025
80  -0.339355
81  -0.523527
82  -0.387252
83  -0.215069
84  0.0907932
85  0.185602
86  -0.480946
87  -0.0612974
88  0.281815
89  0.564524
90  0.181233
91  -0.202397
92  -0.0232311
93  -0.100386
94  -0.0627741
95  -0.253089
96  -0.0855252
97  0.089942
98  0.420103
99  0.392156
100  0.599203
101  0.314591
102  0.0550853
103  0.353933
104  -0.463336
105  -0.0175608
106  -0.184516
107  -0.045885
108  -0.389056
109  -0.0787477
110  0.33812
111  -0.0376066
112  -0.569689
113  0.156057
114  -0.1339
115  0.167732
116  0.14027
117  -0.379475
118  0.0588463
119  -0.132637
120  -0.0971741
121  -0.092415
122  0.0282105
123  0.36344
124  0.153088
125  0.00526811
126  -0.131145
127  -0.0153286
128  0.244484
129  -0.141918
130  -0.229004
131  -0.389072
132  0.468641
133  -0.134161
134  -0.24527
135  -0.325997
136  0.485755
137  0.507437
138  -0.0501251
139  -0.522112
140  -0.0652426
141  -0.184789
142  0.232462
143  -0.183113
144  0.110043
145  -0.482646
146  0.578641
147  0.131123
148  -0.646586
149  -0.0202624
150  0.684012
151  0.19327
152  -0.0512546
153  -0.346226
154  0.264775
155  0.576739
156  0.285756
157  0.159753
158  0.098511
159  0.25125
160  0.0782896
161  0.145396
162  -0.53921
163  0.178518
164  0.30094
165  -0.279804
166  0.225814
167  -0.0250479
168  -0.262562
169  0.227862
170  -0.00759671
171  0.245945
172  0.290757
173  -0.190316
174  0.44478
175  0.640179
176  0.409298
177  -0.175864
178  -0.445817
179  0.287141
180  0.317307
181  -0.326034
182  -0.245044
183  -0.141285
184  0.174477
185  0.0450983
186  0.322075
187  -0.351682
188  0.274363
189  -0.0313602
190  -0.271537
191  0.0105248
192  -0.448145
193  0.163109
194  -0.0323544
195  0.12381
196  -1.88468
197  -25.1872
198  -152.443
199  -508.211
200  -1127.61
201  -1903.91
202  -2663.04
203  -3258.03
204  -3610.22
205  -3712.99
206  -3610.57
207  -3359.25
208  -3019.16
209  -2642.28
210  -2263.56
211  -1911.45
212  -1596.93
213  -1327.68
214  -1105
215  -921.998
216  -772.539
217  -651.883
218  -554.755
219  -475.245
220  -410.26
221  -357.651
222  -315.854
223  -279.751
224  -247.762
225  -217.155
226  -185.817
227  -155.26
228  -127.373
229  -103.897
230  -86.3147
231  -72.0589
232  -60.825
233  -52.7395
234  -48.5971
235  -48.3007
236  -51.463
237  -56.1
238  -61.0452
239  -67.9117
240  -72.7147
241  -76.0372
242  -78.5454
243  -79.73
244  -80.9172
245  -81.0591
246  -80.7344
247  -79.5114
248  -77.3543
249  -76.2
250  -73.8608
251  -72.319
252  -70.991
253  -71.1364
254  -69.6517
255  -68.6667
256  -68.1505
257  -66.9408
258  -66.1897
259  -64.7936
260  -63.6653
261  -62.0345
262  -60.5082
263  -58.2119
264  -55.9637
265  -53.4746
266  -51.2281
267  -48.685
268  -46.7351
269  -43.8761
270  -41.429
271  -40.1276
272  -38.0598
273  -36.9291
274  -35.6382
275  -34.1651
276  -33.9602
277  -33.8474
278  -33.0512
279  -32.9301
280  -31.9832
281  -32.3618
282  -34.8148
283  -37.5367
284  -41.0757
285  -43.1098
286  -43.8143
287  -43.3366
288  -41.8522
289  -38.4947
290  -35.3222
291  -32.3992
292  -29.1494
293  -26.0644
294  -23.4881
295  -21.1843
296  -19.367
297  -17.576
298  -16.3282
299  -15.263
300  -14.6129
301  -14.1928
302  -14.6167
303  -13.994
304  -14.3848
305  -14.8974
306  -14.3642
307  -14.2609
308  -13.9764
309  -13.408
310  -12.9978
311  -12.4444
312  -12.6533
313  -11.8968
314  -12.0834
315  -12.234
316  -11.3897
317  -11.6902
318  -12.1173
319  -12.1372
320  -11.7057
321  -11.3772
322  -11.4515
323  -11.2396
324  -12.0266
325  -11.646
326  -10.8302
327  -10.5309
328  -10.326
329  -10.6371
330  -11.1733
331  -10.3784
332  -10.2118
333  -10.1636
334  -9.92752
335  -10.0722
336  -9.14708
337  -8.17796
338  -7.36467
339  -6.64764
340  -6.84742
341  -6.6348
342  -6.28812
343  -5.69894
344  -6.12318
345  -6.71833
346  -6.18819
347  -6.2473
348  -5.42829
349  -5.89194
350  -5.62123
351  -6.01604
352  -7.03502
353  -6.82626
354  -6.80028
355  -6.93801
356  -7.16132
357  -7.27923
358  -6.74971
359  -6.75426
360  -7.35206
361  -7.17727
362  -7.01151
363  -7.39608
364  -7.38491
365  -7.59704
366  -6.98768
367  -6.72902
368  -6.38601
369  -5.82028
370  -6.00366
371  -6.67091
372  -6.63434
373  -5.55967
374  -6.66793
375  -7.23726
376  -8.36809
377  -11.044
378  -13.4539
379  -17.1996
380  -18.9898
381  -19.4567
382  -18.3783
383  -17.9214
384  -16.6488
385  -15.6323
386  -15.2139
387  -14.4642
388  -13.3619
389  -11.2969
390  -9.96448
391  -8.75082
392  -8.69235
393  -8.32509
394  -8.78815
395  -8.24854
396  -8.27641
397  -8.16869
398  -7.53688
399  -6.21398
400  -3.59724
401  -1.62828
402  1.00181
403  2.85787
404  3.9331
405  3.58904
406  3.47883
407  2.79103
408  2.24686
409  2.12363
410  1.89153
411  2.17073
412  1.97382
413  1.79726
414  0.87492
415  0.453023
416  0.109726
417  0.149677
418  -0.0856236
419  -0.202671
420  -1.02224
421  -1.93804
422  -3.60803
423  -5.39828
424  -7.71891
425  -9.44373
426  -10.2791
427  -12.1658
428  -13.3656
429  -15.4726
430  -16.3798
431  -17.0486
432  -17.1059
433  -17.1142
434  -16.3889
435  -17.2744
436  -20.0116
437  -23.5166
438  -27.9095
439  -31.657
440  -34.9845
441  -36.1951
442  -35.8482
443  -34.1482
444  -31.6966
445  -27.7924
446  -23.7875
447  -19.1207
448  -14.245
449  -10.159
450  -6.45814
451  -2.7686
452  0.446138
453  1.85509
454  3.85564
455  6.03413
456  6.9821
457  7.12045
458  7.65457
459  8.43872
460  9.53469
461  9.03
462  9.10562
463  9.3498
464  8.80629
465  9.72547
466  8.73545
467  9.63429
468  9.43687
469  8.99399
470  8.50872
471  8.37522
472  8.44139
473  8.09557
474  7.91593
475  7.31733
476  6.77989
477  6.30955
478  5.73469
479  5.93474
480  5.25258
481  5.29038
482  4.84953
483  4.65649
484  4.43338
485  4.59234
486  4.38227
487  4.85609
488  3.64212
489  3.61664
490  3.66251
491  4.78425
492  3.88674
493  4.17249
494  4.10663
495  3.59865
496  3.83035
497  3.60788
498  3.59348
499  4.26342
500  3.66419
501  3.43311
502  3.74556
503  3.65813
504  3.96764
505  3.73671
506  3.84467
507  4.04618
508  3.63741
509  3.73624
510  3.26032
511  3.31905
512  3.0018
513  3.25631
514  3.28533
515  3.27623
516  3.5456
517  3.41222
518  2.89007
519  3.30328
520  3.16152
521  2.37445
522  2.18908
523  2.35618
524  2.8664
525  2.80332
526  2.52062
527  2.55334
528  2.81012
529  2.98854
530  2.55416
531  2.47864
532  2.77913
533  2.90842
534  3.28813
535  2.92488
536  2.6905
537  2.66678
538  3.14021
539  3.03964
540  2.49279
541  2.62152
542  2.98634
543  2.36737
544  2.60168
545  1.71778
546  2.81298
547  2.11215
548  1.91809
549  2.44047
550  2.36826
551  1.93908
552  1.88857
553  2.34206
554  2.17508
555  2.19729
556  2.12419
557  1.21095
558  1.82761
559  2.04174
560  2.10487
561  1.62969
562  2.21516
563  1.84581
564  1.51477
565  2.28361
566  2.09146
567  1.92105
568  1.96482
569  2.0454
570  2.54546
571  2.6161
572  1.99438
573  1.90391
574  1.85854
575  1.48879
576  1.29062
577  2.1013
578  1.33821
579  0.73093
580  0.96328
581  0.147187
582  0.291295
583  0.24281
584  0.725245
585  0.453746
586  1.02997
587  0.465759
588  0.66005
589  1.04815
590  1.35421
591  1.25114
592  0.871791
593  1.39119
594  1.16216
595  1.88857
596  1.47056
597  0.855918
598  0.895309
599  1.12865
