0  -0.124778
1  -0.376236
2  0.246433
3  0.214009
4  -0.000495821
5  0.302949
6  -0.119372
7  0.904875
8  0.605253
9  0.32176
10  -0.126811
11  -0.450626
12  -0.55886
13  -0.412469
14  -0.104171
15  -0.77571
16  0.228211
17  0.133552
18  0.155544
19  -0.565871
20  -0.018556
21  -0.60572
22  0.578494
23  0.689493
24  0.073282
25  0.589646
26  0.0896824
27  0.0921545
28  0.275838
29  0.376481
30  0.217489
31  -0.360138
32  -0.0389774
33  -0.298486
34  -0.296765
35  0.0171195
36  -0.0473869
37  -0.064881
38  -0.300224
39  -0.0437501
40  0.292132
41  0.155653
42  -0.0547277
43  -0.479153
44  -0.137511
45  0.341634
46  0.24221
47  0.206509
48  -0.2682
49  -0.272375
50  -0.455855
51  0.740413
52  0.104706
53  -0.442426
54  0.0568884
55  0.469775
56  0.46518
57  -0.145029
58  -0.530034
59  -0.135791
60  0.320907
61  0.13932
62  -0.116304
63  0.0767226
64  0.280482
65  0.905938
66  0.325933
67  -0.427914
68  -0.303646
69  -0.219013
70  0.336734
71  -0.127974
72  0.0695307
73  -0.137857
74  -0.0682676
75  -0.143989
76  -0.659804
77  -0.0594476
78  -0.193766
79  -0.792943
80  0.163124
81  -0.649064
82  0.172421
83  0.0735844
84  -0.220915
85  -0.186342
86  -0.751419
87  0.113009
88  -0.136411
89  -0.175048
90  -0.0494698
91  0.218052
92  0.074862
93  -0.535643
94  -0.212792
95  0.0996114
96  -0.479303
97  -0.109371
98  -0.362823
99  0.288211
100  0.211407
101  -0.268872
102  -0.353046
103  -0.143811
104  0.294351
105  -0.429564
106  -0.359698
107  -0.160319
108  0.550828
109  -0.195745
110  0.108941
111  0.0669821
112  0.207237
113  -0.0162424
114  -0.28425
115  -0.440004
116  -0.235832
117  0.0016227
118  -0.250199
119  -0.437788
120  0.392464
121  0.388318
122  0.0214529
123  0.407032
124  0.244709
125  -0.0427641
126  -0.114847
127  -0.509619
128  -0.183032
129  -0.192234
130  0.36368
131  0.572297
132  0.471853
133  0.814193
134  0.460209
135  -0.537429
136  -0.40696
137  -0.104509
138  0.522344
139  -0.0110522
140  -0.124919
141  0.335873
142  0.876278
143  0.149678
144  0.527814
145  -0.975503
146  0.162918
147  -0.521774
148  -0.132524
149  -0.110313
150  -0.196383
151  -0.540141
152  -0.477721
153  -0.453391
154  -0.37338
155  -0.109423
156  -0.337751
157  0.106091
158  0.248383
159  -0.19539
160  0.0430019
161  0.163043
162  -0.366749
163  0.584525
164  0.00132159
165  -0.0839193
166  -0.0520671
167  0.0802771
168  -0.75333
169  -0.188411
170  -0.128568
171  -0.0124892
172  0.575639
173  0.18508
174  0.0054793
175  -0.350895
176  0.486352
177  -0.218501
178  -0.382111
179  -0.164328
180  0.0574063
181  -0.381294
182  0.489733
183  -0.088152
184  -0.0359942
185  0.061812
186  -0.188123
187  0.092286
188  -0.446658
189  0.54425
190  0.215204
191  -0.125436
192  -0.0917945
193  -0.138679
194  -0.0883336
195  -0.161165
196  -1.29666
197  -18.4184
198  -125.131
199  -453.744
200  -1048.63
201  -1794.95
202  -2508.13
203  -3047.64
204  -3353.95
205  -3441.16
206  -3361.77
207  -3161.3
208  -2888.65
209  -2584.42
210  -2271.49
211  -1965.58
212  -1679.54
213  -1422.61
214  -1196.38
215  -1005.44
216  -845.33
217  -708.699
218  -593.067
219  -496.049
220  -416.989
221  -352.918
222  -302.957
223  -262.911
224  -230.478
225  -205.714
226  -187.999
227  -175.386
228  -165.453
229  -156.794
230  -147.973
231  -139.03
232  -129.02
233  -119.712
234  -108.562
235  -99.0088
236  -89.0567
237  -80.9433
238  -76.0685
239  -74.0393
240  -74.1784
241  -74.4556
242  -75.9864
243  -78.3649
244  -80.3727
245  -81.497
246  -80.4068
247  -78.0311
248  -74.7608
249  -71.7164
250  -66.0687
251  -60.4843
252  -55.6489
253  -52.8034
254  -50.8381
255  -51.0141
256  -51.8705
257  -53.5919
258  -55.6506
259  -57.2771
260  -57.3923
261  -56.6034
262  -54.6068
263  -50.8343
264  -46.5767
265  -42.0948
266  -40.1114
267  -39.8198
268  -41.1148
269  -44.7699
270  -48.5162
271  -51.795
272  -54.7774
273  -56.1433
274  -56.3579
275  -54.174
276  -50.7175
277  -47.634
278  -43.086
279  -37.8775
280  -31.8228
281  -26.3502
282  -22.9949
283  -19.9239
284  -17.4118
285  -16.977
286  -17.4952
287  -18.9564
288  -20.337
289  -22.1352
290  -23.774
291  -24.1961
292  -23.7147
293  -23.1248
294  -21.395
295  -18.6182
296  -17.1058
297  -14.727
298  -12.3436
299  -11.7653
300  -11.611
301  -12.7933
302  -13.7411
303  -14.9948
304  -15.6883
305  -16.9347
306  -17.3112
307  -17.2087
308  -16.0705
309  -13.514
310  -12.3147
311  -9.27083
312  -7.96589
313  -6.88842
314  -7.11866
315  -7.30921
316  -7.82703
317  -10.3005
318  -11.2674
319  -13.6187
320  -14.011
321  -13.9082
322  -14.2129
323  -13.2653
324  -11.2278
325  -9.21702
326  -7.26073
327  -6.00054
328  -4.87358
329  -4.25899
330  -4.13548
331  -4.6301
332  -6.58995
333  -7.57992
334  -8.86827
335  -10.2548
336  -11.5915
337  -10.5332
338  -11.4106
339  -10.3917
340  -9.2769
341  -7.59419
342  -6.73108
343  -5.46203
344  -6.23645
345  -6.96605
346  -7.45206
347  -9.63416
348  -10.2934
349  -10.5003
350  -11.9494
351  -12.3041
352  -10.1151
353  -9.037
354  -7.5032
355  -6.16899
356  -4.61266
357  -3.25032
358  -2.80009
359  -3.69037
360  -4.1824
361  -4.41631
362  -4.489
363  -2.41452
364  1.32657
365  3.41913
366  6.4365
367  8.2851
368  10.0456
369  11.29
370  12.1936
371  12.4429
372  13.1054
373  12.4873
374  11.1977
375  8.71901
376  6.19775
377  3.84619
378  2.78945
379  2.17998
380  3.03898
381  4.38163
382  5.05792
383  6.87202
384  6.68799
385  6.60233
386  4.73057
387  2.41509
388  -0.328665
389  -4.24634
390  -9.8621
391  -14.0554
392  -18.3536
393  -21.4257
394  -24.552
395  -25.8472
396  -28.1255
397  -28.7512
398  -28.8875
399  -28.9662
400  -28.6925
401  -26.3031
402  -24.0398
403  -21.2902
404  -18.5987
405  -16.7884
406  -15.6563
407  -14.9969
408  -14.4525
409  -15.0917
410  -15.0061
411  -15.0425
412  -14.5054
413  -12.3276
414  -9.03123
415  -6.1992
416  -4.02682
417  -3.9306
418  -6.07112
419  -11.2624
420  -17.4798
421  -25.1973
422  -33.1385
423  -38.1554
424  -40.303
425  -41.0836
426  -39.3588
427  -35.7127
428  -30.5865
429  -25.8409
430  -19.5483
431  -14.1744
432  -8.56918
433  -4.18736
434  -1.13761
435  1.26453
436  3.84409
437  5.14986
438  5.76744
439  6.77802
440  6.45749
441  7.32485
442  7.8076
443  7.25416
444  8.2115
445  7.69834
446  8.37328
447  9.11128
448  8.84197
449  8.30217
450  8.78818
451  8.48297
452  7.67226
453  6.87289
454  6.81008
455  6.33669
456  5.3101
457  5.04743
458  4.76428
459  4.43617
460  6.02033
461  6.84537
462  6.75927
463  5.64783
464  5.90091
465  5.12688
466  5.52966
467  4.43028
468  3.40565
469  3.8356
470  3.31271
471  3.51853
472  3.32999
473  3.99352
474  4.50652
475  4.11398
476  4.94737
477  4.90874
478  5.85683
479  5.13634
480  4.32623
481  4.17018
482  3.72988
483  3.54925
484  3.46139
485  2.92748
486  2.55277
487  2.07903
488  2.20259
489  2.13189
490  2.6681
491  3.27844
492  3.26187
493  3.50019
494  3.86778
495  3.37262
496  2.9637
497  3.40554
498  3.23482
499  2.17243
500  2.22564
501  2.1331
502  2.09383
503  2.17103
504  2.48272
505  2.87002
506  3.51035
507  3.74591
508  3.96549
509  3.03482
510  3.44184
511  3.10343
512  3.25702
513  2.43282
514  2.27236
515  1.80291
516  1.68346
517  1.25432
518  1.49368
519  2.35255
520  2.09225
521  2.24784
522  2.77971
523  2.96761
524  2.71864
525  2.88358
526  1.98647
527  2.0095
528  2.72961
529  2.29118
530  1.62767
531  1.18268
532  1.55016
533  0.904046
534  1.86044
535  1.75842
536  2.57168
537  2.63096
538  2.21894
539  2.58932
540  1.68088
541  1.98529
542  2.19853
543  1.9443
544  1.679
545  0.794125
546  1.98874
547  1.31451
548  1.32259
549  1.98713
550  1.95803
551  1.64382
552  2.59605
553  1.88361
554  2.97993
555  2.1758
556  1.80793
557  2.44871
558  1.87988
559  1.79599
560  1.71728
561  1.05672
562  1.89246
563  2.01766
564  1.48856
565  2.57836
566  2.2263
567  2.21998
568  2.09592
569  1.89442
570  2.65357
571  1.76308
572  1.75281
573  0.96439
574  0.972151
575  1.01256
576  0.51826
577  1.41257
578  1.30181
579  1.92327
580  1.87126
581  0.519068
582  1.13599
583  1.57144
584  1.57427
585  1.63367
586  1.73491
587  1.71836
588  0.7203
589  1.15042
590  0.893516
591  1.134
592  0.926391
593  0.23852
594  0.96651
595  0.701597
596  1.29421
597  1.84844
598  1.21933
599  1.07169
