0  0.371432
1  -0.132659
2  0.352939
3  0.118972
4  -0.0279003
5  -0.291577
6  -0.130471
7  0.06223
8  0.394095
9  -0.11619
10  0.038728
11  0.0143653
12  0.198357
13  -0.354027
14  -0.391207
15  0.235586
16  -0.106727
17  -0.355208
18  0.0253982
19  0.22815
20  0.644064
21  -0.260614
22  -0.440295
23  -0.0606893
24  -0.0367273
25  -0.334629
26  0.288308
27  -0.203874
28  -0.116539
29  0.0347794
30  -0.0889325
31  0.38073
32  0.044753
33  0.0212538
34  0.198163
35  -0.291061
36  0.155348
37  -0.211062
38  -0.0320164
39  -0.0511787
40  -0.544009
41  0.189902
42  0.575358
43  0.844649
44  0.382515
45  -0.366273
46  -0.188945
47  -0.228105
48  0.129246
49  -0.235381
50  0.277611
51  -0.523583
52  -0.0412691
53  0.0717784
54  -0.0184537
55  0.217961
56  0.376737
57  0.0745371
58  0.413252
59  0.476495
60  -0.0851379
61  -0.509838
62  -0.720621
63  -0.40798
64  0.546893
65  -0.484494
66  0.134269
67  0.177859
68  0.00977427
69  0.442332
70  0.521149
71  0.26233
72  -0.268749
73  -0.146917
74  -0.137927
75  0.20844
76  0.3822
77  -0.121647
78  0.0346657
79  -0.288115
80  0.0208621
81  0.183527
82  0.0289708
83  0.905886
84  0.578579
85  -0.201438
86  0.547789
87  -0.107602
88  -0.231122
89  -0.389334
90  0.313706
91  0.0925581
92  -0.0218489
93  -0.0606058
94  -0.200726
95  -0.554493
96  0.108941
97  0.134504
98  -0.150661
99  0.217445
100  0.149396
101  -0.36776
102  -0.497539
103  0.440454
104  0.484965
105  0.549342
106  0.219452
107  0.108278
108  0.345495
109  -0.276547
110  0.0347905
111  -0.10093
112  -0.208272
113  -0.596387
114  -0.0747486
115  0.72347
116  0.842536
117  -0.0849771
118  0.113717
119  -0.186929
120  0.224602
121  -0.107907
122  0.134187
123  -0.266318
124  -0.0175697
125  -0.119594
126  -0.150368
127  -0.42054
128  -0.622852
129  -0.0341452
130  0.321312
131  -0.255202
132  -0.0600976
133  -0.360449
134  -0.578345
135  -0.706285
136  -0.138323
137  -0.757243
138  -0.501885
139  -0.469493
140  0.518294
141  0.0711615
142  -0.133257
143  -0.271979
144  -0.0362061
145  -0.191682
146  0.0989567
147  -0.311565
148  0.374
149  0.0455732
150  0.587906
151  -0.634155
152  -0.160605
153  -0.690521
154  -0.0663549
155  -0.821819
156  -0.465689
157  0.095249
158  0.181796
159  -0.106006
160  -0.846168
161  -0.58086
162  -0.295975
163  0.0608771
164  0.0949004
165  0.302662
166  -0.07386
167  0.239226
168  -0.272618
169  0.223044
170  0.107503
171  -0.673103
172  0.2696
173  0.372054
174  0.145902
175  0.0195956
176  0.0859193
177  -0.0453671
178  0.0457785
179  -0.474842
180  -0.572447
181  0.320057
182  -0.0459051
183  0.305568
184  0.117279
185  0.529137
186  0.621
187  -0.128974
188  0.133959
189  0.548664
190  0.598157
191  0.7235
192  0.255959
193  0.41075
194  0.0919644
195  0.446839
196  -1.01893
197  -22.523
198  -145.888
199  -494.683
200  -1104.96
201  -1868.56
202  -2616.41
203  -3201.69
204  -3546.46
205  -3642.87
206  -3536.89
207  -3284.89
208  -2945.01
209  -2570.55
210  -2201.16
211  -1860.55
212  -1557.86
213  -1296.75
214  -1079.63
215  -900.945
216  -754.334
217  -634.597
218  -538.531
219  -458.884
220  -395.349
221  -344.71
222  -303.824
223  -271.297
224  -242.121
225  -213.091
226  -184.037
227  -154.562
228  -127.517
229  -104.05
230  -85.9374
231  -72.1568
232  -63.2566
233  -57.8272
234  -55.2208
235  -54.645
236  -54.9752
237  -57.1499
238  -60.5546
239  -62.8538
240  -64.0727
241  -66.1464
242  -67.5534
243  -68.9484
244  -69.381
245  -70.4805
246  -71.2842
247  -71.3499
248  -70.2356
249  -68.0543
250  -67.1608
251  -64.8272
252  -63.5545
253  -63.0321
254  -61.0731
255  -60.2014
256  -59.006
257  -59.0412
258  -59.7173
259  -60.3637
260  -61.0869
261  -60.5511
262  -59.4642
263  -57.6116
264  -55.005
265  -53.1663
266  -50.3958
267  -49.3005
268  -47.7579
269  -46.7182
270  -44.7766
271  -43.7306
272  -41.3766
273  -40.6128
274  -38.709
275  -37.9166
276  -37.3042
277  -36.9912
278  -36.4857
279  -36.1145
280  -35.766
281  -35.9002
282  -36.8323
283  -39.349
284  -42.9257
285  -45.7813
286  -47.0646
287  -47.5065
288  -47.4955
289  -45.3649
290  -42.1507
291  -39.0043
292  -36.0929
293  -33.3264
294  -30.0662
295  -27.3515
296  -25.775
297  -23.6886
298  -21.4697
299  -20.8583
300  -19.9311
301  -19.0163
302  -18.0525
303  -17.6599
304  -17.097
305  -16.4499
306  -17.1689
307  -16.6604
308  -15.9885
309  -15.8665
310  -15.8343
311  -15.6231
312  -15.6825
313  -15.0735
314  -14.5897
315  -14.6011
316  -13.2061
317  -12.4002
318  -13.2105
319  -12.4962
320  -12.3111
321  -13.1072
322  -12.6983
323  -12.2081
324  -12.1238
325  -12.4795
326  -11.9489
327  -11.2381
328  -11.2811
329  -10.5015
330  -10.1269
331  -10.2274
332  -9.66388
333  -8.74593
334  -8.57505
335  -8.24695
336  -8.7888
337  -9.25685
338  -8.62923
339  -8.01745
340  -9.2797
341  -9.34443
342  -9.34496
343  -9.13241
344  -8.76871
345  -8.62019
346  -8.87435
347  -8.60542
348  -8.40448
349  -8.24769
350  -8.58685
351  -8.73624
352  -7.762
353  -7.12584
354  -6.92484
355  -7.7026
356  -7.38559
357  -7.25658
358  -7.95765
359  -8.62785
360  -8.95761
361  -9.81637
362  -9.46967
363  -8.6202
364  -8.46264
365  -7.69043
366  -7.77759
367  -7.95644
368  -7.74994
369  -7.84822
370  -7.16998
371  -7.67812
372  -7.53365
373  -7.50092
374  -8.06963
375  -7.6818
376  -7.79418
377  -7.23643
378  -7.80773
379  -7.48574
380  -6.99129
381  -7.31207
382  -7.69867
383  -7.00015
384  -7.53563
385  -7.93423
386  -6.96869
387  -6.21221
388  -4.52895
389  -1.59342
390  1.46436
391  4.34487
392  6.87436
393  9.21601
394  9.8771
395  10.6035
396  9.74896
397  8.7507
398  7.66802
399  6.86452
400  5.36241
401  3.82297
402  1.78532
403  -0.456236
404  -2.03877
405  -3.15658
406  -5.22942
407  -7.15719
408  -7.14213
409  -8.00099
410  -8.9231
411  -9.07981
412  -9.47245
413  -9.39654
414  -10.1806
415  -10.9477
416  -11.3579
417  -11.5754
418  -11.2241
419  -11.952
420  -12.144
421  -12.5118
422  -13.1065
423  -13.337
424  -13.5412
425  -13.155
426  -13.9638
427  -13.3774
428  -13.5017
429  -12.765
430  -11.7204
431  -11.0398
432  -10.1543
433  -9.44142
434  -8.89612
435  -8.85594
436  -9.12191
437  -8.6766
438  -10.0684
439  -10.5702
440  -12.013
441  -13.5117
442  -14.3321
443  -15.081
444  -16.1305
445  -19.0414
446  -21.2475
447  -23.82
448  -25.2578
449  -25.6992
450  -24.9123
451  -23.0663
452  -19.8473
453  -16.5385
454  -12.0805
455  -8.14523
456  -5.0572
457  -1.58842
458  1.48944
459  3.17698
460  5.69159
461  6.6892
462  7.68863
463  8.91834
464  9.24811
465  9.41659
466  9.42915
467  10.0746
468  9.31335
469  9.81414
470  9.17662
471  9.33428
472  9.35491
473  9.71136
474  9.50637
475  9.65562
476  8.78407
477  8.52997
478  8.57056
479  8.11526
480  7.22579
481  7.21087
482  6.74174
483  7.02481
484  6.24971
485  6.09228
486  5.82927
487  5.69765
488  5.52461
489  5.49046
490  5.041
491  5.08008
492  5.45166
493  5.34384
494  3.93021
495  4.23413
496  4.50707
497  4.19199
498  4.16254
499  4.10341
500  4.325
501  4.07673
502  3.77404
503  3.0109
504  2.90509
505  3.108
506  3.44213
507  3.90612
508  3.06447
509  3.39361
510  3.02281
511  2.92908
512  3.34706
513  3.55184
514  3.32739
515  3.12527
516  3.29911
517  3.51268
518  3.48612
519  2.85179
520  2.87344
521  2.66803
522  2.69738
523  3.31088
524  3.01234
525  2.43674
526  2.77447
527  3.42191
528  2.89671
529  2.87394
530  3.05041
531  1.95572
532  2.57473
533  2.5727
534  2.34986
535  2.37094
536  2.1414
537  3.08531
538  3.04148
539  2.47462
540  2.10442
541  2.27343
542  2.95463
543  3.03327
544  2.8299
545  2.76202
546  2.58322
547  2.12865
548  2.34552
549  2.61773
550  2.38742
551  2.79407
552  2.62239
553  2.00996
554  2.87368
555  2.06198
556  2.58556
557  3.22818
558  2.32305
559  2.44731
560  2.071
561  2.11785
562  1.92009
563  1.52195
564  2.06681
565  1.59564
566  1.61141
567  2.65665
568  3.04631
569  2.0525
570  2.35784
571  2.19049
572  1.22097
573  1.58431
574  1.73656
575  1.89124
576  1.39596
577  1.97558
578  1.51313
579  1.69193
580  1.65304
581  1.92065
582  1.6691
583  1.55255
584  2.18995
585  1.61402
586  1.35869
587  1.24336
588  1.55396
589  1.79565
590  1.76554
591  1.57098
592  1.04496
593  0.979144
594  1.14724
595  1.21302
596  1.49605
597  1.89662
598  1.19669
599  1.69371
