0  -0.222474
1  -0.192832
2  0.339516
3  0.702571
4  0.171158
5  0.158115
6  -0.0642232
7  0.170252
8  0.440201
9  0.0751476
10  0.339215
11  0.146531
12  0.0028002
13  0.122047
14  0.493161
15  0.344449
16  0.392514
17  -0.270017
18  -0.180635
19  0.716625
20  0.304828
21  0.0348763
22  -0.308456
23  -0.0274437
24  0.180958
25  0.407249
26  0.483757
27  -0.308913
28  -0.533879
29  -0.105146
30  -0.174298
31  -0.623816
32  0.40812
33  0.194737
34  -0.0345121
35  0.0901464
36  0.115426
37  -0.026113
38  0.00461367
39  0.115498
40  0.5061
41  -0.179435
42  -0.426302
43  -0.072246
44  -0.457183
45  0.633926
46  0.128101
47  0.0458094
48  0.698613
49  -0.36983
50  -0.578836
51  0.53425
52  -0.182022
53  -0.395909
54  0.21423
55  0.877299
56  0.167391
57  -0.294552
58  -0.420546
59  0.00879044
60  -0.0104732
61  -0.362802
62  -0.306046
63  -0.471792
64  -0.563832
65  0.310235
66  -0.116346
67  -0.688208
68  0.0107534
69  0.0658882
70  -0.546193
71  0.00258036
72  0.225773
73  -0.178553
74  -0.214244
75  -0.129325
76  0.469819
77  -0.132354
78  0.000549121
79  -0.51055
80  -0.0848935
81  -0.578757
82  -0.154037
83  0.389511
84  0.258492
85  -0.217864
86  -0.150882
87  -0.00669117
88  -0.512908
89  0.147702
90  -0.177373
91  -0.0295429
92  0.0645855
93  -0.775515
94  0.429675
95  -0.243713
96  -0.402417
97  -0.234711
98  -0.0649291
99  0.0649986
100  -0.360913
101  -0.328075
102  -0.641941
103  -0.355347
104  -0.312291
105  0.00281225
106  -0.108829
107  -0.419498
108  -0.161776
109  -0.476275
110  0.34562
111  -0.126187
112  0.206197
113  -0.60791
114  -0.428108
115  -0.232285
116  -0.353798
117  0.017219
118  0.196591
119  0.280115
120  -0.059712
121  -0.11555
122  -0.822856
123  -0.219857
124  -0.508827
125  -0.230516
126  -0.754341
127  -0.827584
128  0.151435
129  -0.355847
130  -0.618473
131  -0.774593
132  0.298508
133  0.0815823
134  -0.227186
135  0.0128866
136  -0.435091
137  -0.5615
138  -0.496166
139  -0.463622
140  -0.662108
141  -0.229897
142  -0.207891
143  -0.0591777
144  0.180887
145  -0.167896
146  -0.0528471
147  -0.232742
148  -0.535242
149  0.114117
150  -0.218922
151  -0.0130841
152  -0.134118
153  0.305296
154  0.296959
155  -0.570206
156  -0.311592
157  -0.374004
158  0.188066
159  0.226845
160  -0.310001
161  -1.03582
162  -0.544815
163  -0.296031
164  0.0109668
165  -0.239039
166  -0.578667
167  -0.671463
168  0.119705
169  -0.031339
170  -0.483141
171  0.269933
172  -0.56273
173  -0.217758
174  -0.402731
175  -0.423154
176  0.0930022
177  0.204952
178  0.0493199
179  0.247647
180  -0.149167
181  0.244939
182  -0.131615
183  -0.868384
184  -0.184137
185  -0.404668
186  0.296007
187  0.221464
188  -0.300463
189  -0.263914
190  -0.182664
191  0.132691
192  -0.523848
193  -0.0872097
194  -0.343875
195  -0.828944
196  -1.92919
197  -26.5313
198  -164.796
199  -544.389
200  -1201.03
201  -2023.37
202  -2830.17
203  -3461.29
204  -3839.32
205  -3958.33
206  -3854.57
207  -3590.43
208  -3230.09
209  -2829.72
210  -2430.58
211  -2057.41
212  -1725.24
213  -1440.59
214  -1203.49
215  -1008.22
216  -849.437
217  -721.948
218  -617.021
219  -532.264
220  -462.46
221  -405.367
222  -360.219
223  -324.371
224  -293.136
225  -264.304
226  -233.703
227  -203.705
228  -175.626
229  -149.912
230  -128.579
231  -110.558
232  -97.4888
233  -89.1956
234  -83.1986
235  -78.9385
236  -77.6263
237  -76.6341
238  -76.1971
239  -76.8812
240  -77.6985
241  -77.5404
242  -77.999
243  -77.4865
244  -77.2162
245  -77.2461
246  -76.324
247  -74.913
248  -73.6829
249  -72.0284
250  -70.4172
251  -68.0592
252  -67.6539
253  -66.1387
254  -64.605
255  -63.2892
256  -62.0256
257  -61.0418
258  -60.6726
259  -59.523
260  -57.7663
261  -57.1439
262  -56.306
263  -55.1244
264  -52.9106
265  -51.5099
266  -50.0299
267  -47.8527
268  -47.4256
269  -47.2808
270  -45.5926
271  -44.4952
272  -43.7072
273  -41.5835
274  -40.5142
275  -38.514
276  -37.5406
277  -37.8938
278  -37.1038
279  -35.9869
280  -34.6512
281  -33.816
282  -33.105
283  -34.3161
284  -34.7494
285  -34.4888
286  -32.8607
287  -31.9195
288  -28.9236
289  -25.2619
290  -22.4687
291  -20.0803
292  -18.6853
293  -16.5989
294  -15.4011
295  -14.8342
296  -13.8935
297  -14.0114
298  -13.7658
299  -13.5979
300  -13.0572
301  -12.6519
302  -12.5018
303  -12.6845
304  -12.265
305  -11.972
306  -11.9457
307  -11.7848
308  -12.0259
309  -12.8105
310  -12.8941
311  -12.8459
312  -12.3757
313  -12.649
314  -13.1122
315  -12.8276
316  -13.0168
317  -13.1912
318  -12.3069
319  -11.9111
320  -11.4318
321  -11.3442
322  -11.5633
323  -11.228
324  -11.2176
325  -10.423
326  -10.1528
327  -10.8893
328  -11.1855
329  -11.8222
330  -10.8229
331  -10.8526
332  -10.8068
333  -11.1145
334  -10.485
335  -10.7492
336  -9.98705
337  -9.83019
338  -10.77
339  -11.5449
340  -10.9948
341  -11.5287
342  -11.1052
343  -10.7882
344  -11.2097
345  -10.7132
346  -9.9179
347  -9.71979
348  -8.63146
349  -8.09966
350  -8.01626
351  -7.37817
352  -6.71709
353  -6.85737
354  -6.83019
355  -6.94009
356  -7.08347
357  -7.04143
358  -7.83282
359  -7.67715
360  -7.73454
361  -8.17766
362  -8.96265
363  -9.08583
364  -8.93264
365  -8.97982
366  -9.09014
367  -9.05392
368  -8.61852
369  -8.91214
370  -8.72132
371  -8.54916
372  -8.38972
373  -7.90617
374  -6.93535
375  -6.85163
376  -6.68769
377  -5.64643
378  -5.93785
379  -6.5224
380  -6.25372
381  -7.19156
382  -8.04948
383  -8.99271
384  -9.94574
385  -11.2344
386  -14.0058
387  -16.2702
388  -18.3615
389  -20.0985
390  -19.7664
391  -19.8976
392  -18.7042
393  -17.2028
394  -15.3556
395  -14.7832
396  -13.6806
397  -13.2031
398  -12.2137
399  -12.0394
400  -11.3753
401  -10.8333
402  -10.6079
403  -10.8747
404  -9.99961
405  -10.5025
406  -11.0276
407  -12.4419
408  -13.8808
409  -14.8579
410  -16.0327
411  -16.8402
412  -18.0661
413  -18.0713
414  -18.1969
415  -17.1638
416  -17.1378
417  -16.8166
418  -17.0196
419  -17.1358
420  -17.689
421  -18.0885
422  -18.4845
423  -18.1039
424  -18.6071
425  -18.3283
426  -17.6012
427  -16.8268
428  -16.2723
429  -15.2419
430  -14.5145
431  -13.3798
432  -13.1204
433  -12.2536
434  -12.341
435  -11.8666
436  -11.6693
437  -12.0083
438  -11.8554
439  -12.4991
440  -12.9251
441  -13.1355
442  -12.6897
443  -13.6579
444  -15.5069
445  -17.8607
446  -22.144
447  -25.8606
448  -28.2102
449  -29.1701
450  -28.5441
451  -24.2197
452  -18.9768
453  -12.4834
454  -6.44932
455  -0.0229953
456  4.62175
457  8.84437
458  12.6052
459  14.4324
460  16.1991
461  17.1955
462  17.9196
463  18.0986
464  17.7366
465  16.7665
466  16.5536
467  15.8331
468  14.6204
469  13.2277
470  13.8763
471  13.4336
472  12.4448
473  11.8333
474  12.0887
475  12.0581
476  11.6699
477  11.4224
478  11.0601
479  10.7874
480  9.71938
481  8.7866
482  9.02269
483  9.04783
484  8.15592
485  7.29353
486  7.47847
487  7.65389
488  7.19039
489  7.27993
490  6.53266
491  6.45768
492  6.49488
493  6.97971
494  5.8958
495  6.66518
496  5.6045
497  5.56634
498  5.90347
499  5.29413
500  5.56578
501  5.34826
502  5.12026
503  4.95479
504  4.84187
505  4.51928
506  4.33521
507  3.95414
508  4.50662
509  4.5697
510  4.22533
511  4.34217
512  4.35674
513  4.52736
514  4.26166
515  4.60507
516  4.0737
517  4.02101
518  3.6636
519  3.40516
520  3.84523
521  3.80246
522  4.08859
523  3.66978
524  3.41924
525  2.82131
526  3.58708
527  2.78278
528  3.24089
529  3.20795
530  3.35846
531  2.67575
532  3.4308
533  3.52887
534  2.82207
535  3.767
536  2.7899
537  2.61129
538  3.33079
539  3.33848
540  2.30112
541  2.79001
542  3.1826
543  2.73494
544  2.84612
545  2.8292
546  2.11184
547  2.94987
548  2.70379
549  2.60362
550  2.1078
551  1.57568
552  1.50713
553  1.96885
554  2.04918
555  2.203
556  2.70502
557  2.92032
558  1.66783
559  1.74824
560  1.36207
561  1.42827
562  1.77121
563  2.17652
564  1.58761
565  2.31225
566  1.749
567  2.09607
568  1.58301
569  1.22985
570  0.633697
571  -0.285526
572  -0.843279
573  -0.69686
574  0.0629549
575  -0.134899
576  -0.500983
577  -0.440735
578  0.661614
579  0.829403
580  0.836512
581  0.731015
582  0.495761
583  0.875704
584  0.858437
585  0.764426
586  0.794792
587  1.24019
588  1.57107
589  0.762324
590  1.22511
591  0.8353
592  0.749686
593  0.727677
594  0.959139
595  1.36874
596  0.807496
597  1.43479
598  1.04889
599  1.06787
