0  0.255849
1  0.365754
2  -0.701344
3  -0.129901
4  -0.345005
5  -0.637901
6  -0.029786
7  -0.288796
8  0.164612
9  0.15058
10  0.42724
11  -0.402808
12  -0.00102594
13  0.37435
14  0.193113
15  -0.168534
16  0.254649
17  0.224585
18  0.462067
19  0.329328
20  -0.0913339
21  0.191513
22  0.298647
23  0.463439
24  0.0315711
25  -0.0334206
26  -0.487464
27  0.425739
28  -0.291479
29  -0.320851
30  0.241322
31  0.114297
32  -0.252373
33  0.0296241
34  0.39101
35  -0.072412
36  -0.242518
37  0.0401996
38  0.161222
39  0.460923
40  0.529222
41  -0.284995
42  0.0181194
43  0.517675
44  -0.0668381
45  -0.367628
46  -0.215376
47  0.272538
48  0.19644
49  -0.441528
50  -0.471185
51  -0.264359
52  -0.564355
53  -0.126919
54  -0.214456
55  0.448871
56  -0.148229
57  0.0996294
58  0.0696712
59  -0.45043
60  -0.31654
61  -0.0270739
62  -0.112076
63  -0.766613
64  0.180522
65  0.262782
66  -0.0996252
67  0.0513152
68  -0.00759282
69  0.123589
70  0.159814
71  -0.0499024
72  0.6176
73  0.0694502
74  -0.11787
75  -0.29389
76  -0.0479146
77  0.565959
78  -0.29226
79  -0.00064278
80  0.271865
81  -0.508317
82  -0.00516762
83  -0.317438
84  -0.00839048
85  -0.429676
86  -0.346544
87  -0.156432
88  0.0195913
89  0.496035
90  0.397445
91  -0.197404
92  0.59839
93  -0.169757
94  0.171584
95  0.228607
96  0.602569
97  0.0942314
98  -0.279527
99  -0.34624
100  -0.200258
101  -0.030212
102  -0.104411
103  0.17738
104  0.38823
105  0.496704
106  0.324755
107  -0.074092
108  -0.0604093
109  -0.514404
110  0.372743
111  -0.234199
112  -0.525579
113  -0.096153
114  -0.430314
115  -0.121783
116  0.123769
117  0.387237
118  -0.286582
119  0.416278
120  0.0730694
121  -0.375259
122  0.236104
123  -0.231859
124  -0.38285
125  -0.248216
126  0.0920078
127  -0.303254
128  0.205503
129  0.273009
130  -0.232347
131  -0.635182
132  -0.266948
133  0.338139
134  0.0904931
135  0.332449
136  0.114492
137  0.127405
138  0.695161
139  0.580745
140  -0.195945
141  -0.310537
142  0.658414
143  0.660906
144  0.188435
145  0.00872595
146  -0.287775
147  0.0679469
148  0.53667
149  0.414977
150  -0.294704
151  0.0189625
152  -0.219742
153  -0.179732
154  -0.259726
155  0.306968
156  0.348756
157  -0.153733
158  -0.224602
159  -0.159623
160  0.725914
161  -0.0735577
162  0.457647
163  -0.48464
164  -0.335601
165  -0.209271
166  -0.209027
167  0.254961
168  -0.0158732
169  0.482933
170  -0.398533
171  -0.163015
172  -0.332367
173  0.0218074
174  0.0759059
175  0.332121
176  0.165578
177  0.000876292
178  -0.54311
179  0.574973
180  0.382216
181  -0.275097
182  0.406646
183  -0.398574
184  0.137645
185  0.169487
186  -0.3809
187  -0.406448
188  0.455733
189  -0.246732
190  -0.11221
191  0.11746
192  0.382485
193  0.133415
194  -0.19809
195  0.260884
196  -1.34846
197  -18.0445
198  -126.878
199  -465.802
200  -1089.72
201  -1878.73
202  -2627.09
203  -3185.8
204  -3495.53
205  -3568.42
206  -3459.24
207  -3231.82
208  -2938.34
209  -2614.18
210  -2286.27
211  -1972.06
212  -1683.43
213  -1427.17
214  -1203.79
215  -1011.36
216  -846.628
217  -706.538
218  -587.325
219  -489.455
220  -410.602
221  -350.077
222  -304.598
223  -271.085
224  -246.169
225  -227.155
226  -212.078
227  -198.733
228  -184.87
229  -171.249
230  -157.202
231  -142.355
232  -129.109
233  -116.944
234  -107.234
235  -99.282
236  -95.2441
237  -92.8749
238  -92.8885
239  -93.3125
240  -93.8551
241  -94.6509
242  -93.057
243  -89.0458
244  -83.8957
245  -77.632
246  -70.8108
247  -65.4201
248  -62.4817
249  -60.9902
250  -61.737
251  -63.6227
252  -66.071
253  -67.3333
254  -67.4628
255  -66.1536
256  -62.3354
257  -58.1816
258  -53.3493
259  -48.4511
260  -44.9984
261  -43.6685
262  -43.3338
263  -43.4802
264  -44.9872
265  -46.7189
266  -48.6458
267  -49.4472
268  -50.5708
269  -51.326
270  -52.2618
271  -52.1202
272  -50.1582
273  -46.6171
274  -41.5304
275  -38.1971
276  -35.5635
277  -32.5961
278  -31.4044
279  -30.6737
280  -30.77
281  -30.2565
282  -29.073
283  -26.1722
284  -23.8706
285  -21.1121
286  -19.0686
287  -16.0323
288  -14.3701
289  -14.2353
290  -14.9796
291  -16.4998
292  -17.4022
293  -19.5812
294  -20.264
295  -21.0111
296  -19.9574
297  -18.6974
298  -16.981
299  -14.6481
300  -11.3082
301  -10.458
302  -10.0521
303  -10.5753
304  -11.1817
305  -12.5524
306  -14.3452
307  -16.2413
308  -16.7094
309  -16.7404
310  -16.6081
311  -15.3211
312  -13.6074
313  -10.8531
314  -9.66868
315  -8.66166
316  -7.96962
317  -9.48418
318  -10.5797
319  -11.9677
320  -12.6962
321  -13.2043
322  -13.0508
323  -12.5391
324  -11.8357
325  -10.6546
326  -8.89585
327  -8.21372
328  -7.45128
329  -6.8146
330  -6.95945
331  -7.46539
332  -8.26659
333  -9.78978
334  -11.0147
335  -10.3228
336  -11.0097
337  -10.5773
338  -9.9628
339  -8.97258
340  -7.94643
341  -7.86342
342  -6.83668
343  -7.91834
344  -8.74385
345  -9.09489
346  -10.3497
347  -10.3817
348  -11.0192
349  -10.354
350  -10.5123
351  -9.16015
352  -7.25837
353  -5.65648
354  -3.87148
355  -3.30594
356  -2.56493
357  -3.57176
358  -2.86487
359  -5.25162
360  -5.67793
361  -5.7114
362  -3.2248
363  0.581568
364  6.86216
365  15.1802
366  22.7291
367  30.4923
368  34.0944
369  36.9849
370  37.5699
371  34.8344
372  31.494
373  27.1946
374  21.502
375  17.8984
376  14.0314
377  9.76322
378  6.57963
379  3.88138
380  1.38988
381  -1.09856
382  -4.9887
383  -6.95381
384  -8.73471
385  -11.3565
386  -13.4315
387  -16.3267
388  -18.8128
389  -20.2171
390  -21.2683
391  -21.7954
392  -21.7402
393  -20.9671
394  -20.039
395  -18.9932
396  -16.7815
397  -14.7461
398  -12.375
399  -10.2884
400  -9.3624
401  -7.63246
402  -7.26698
403  -6.95249
404  -7.17929
405  -8.31777
406  -9.86733
407  -11.6619
408  -13.1768
409  -13.8626
410  -14.4912
411  -14.7817
412  -14.2319
413  -13.8673
414  -14.2904
415  -14.99
416  -15.0929
417  -16.976
418  -18.304
419  -20.8839
420  -25.4672
421  -31.6996
422  -38.0252
423  -43.2813
424  -46.4724
425  -47.4177
426  -46.3562
427  -43.8287
428  -40.2752
429  -35.9577
430  -29.9654
431  -24.0654
432  -17.6179
433  -12.837
434  -7.76692
435  -4.16803
436  -0.716805
437  1.98556
438  3.75217
439  5.30846
440  5.75394
441  6.40562
442  6.45594
443  6.29512
444  6.93801
445  7.63062
446  7.97841
447  8.45605
448  8.55923
449  8.40463
450  8.74316
451  7.45264
452  7.44578
453  7.1994
454  6.77475
455  6.64953
456  5.87362
457  6.00865
458  5.75674
459  6.44398
460  6.21251
461  6.52536
462  6.79532
463  6.31085
464  5.98323
465  5.79732
466  5.29993
467  5.253
468  4.705
469  4.42655
470  4.35695
471  4.50719
472  4.84982
473  5.17232
474  4.90345
475  5.29203
476  4.68576
477  4.79488
478  4.49999
479  4.69218
480  4.12335
481  3.60729
482  3.7778
483  3.78756
484  4.02992
485  3.40826
486  3.71808
487  3.9044
488  4.14176
489  4.34409
490  4.82248
491  4.40281
492  3.52832
493  3.32996
494  2.98268
495  3.08997
496  2.75483
497  2.66873
498  2.88131
499  2.64992
500  3.47412
501  3.63403
502  3.82645
503  4.09148
504  4.29746
505  3.74113
506  3.32855
507  3.47223
508  3.15011
509  3.15934
510  2.77751
511  3.17788
512  2.97291
513  2.67978
514  3.54825
515  2.82938
516  3.54196
517  3.17037
518  3.24155
519  2.8731
520  2.86809
521  2.44737
522  2.15726
523  2.37651
524  2.36363
525  2.40962
526  2.58273
527  2.96968
528  2.25994
529  2.53441
530  2.85128
531  2.50435
532  1.9857
533  1.89322
534  2.38122
535  1.79291
536  2.15959
537  1.85366
538  1.93646
539  2.26604
540  2.17757
541  2.40028
542  2.22953
543  2.25929
544  2.31568
545  2.69212
546  1.76863
547  1.96434
548  2.31155
549  2.14832
550  2.42818
551  2.3743
552  2.49479
553  2.39263
554  3.33821
555  2.22813
556  2.12013
557  3.16252
558  2.42281
559  2.07039
560  1.9333
561  1.44376
562  1.96828
563  1.20441
564  1.61041
565  1.71779
566  1.4595
567  1.75055
568  1.58004
569  2.22066
570  2.29736
571  2.09292
572  1.84685
573  1.81452
574  1.75152
575  1.54987
576  1.69819
577  1.20948
578  1.6641
579  1.49193
580  1.62922
581  1.13069
582  1.67346
583  1.9886
584  2.41745
585  1.75398
586  2.1552
587  2.64742
588  2.24845
589  2.45444
590  2.14789
591  1.9709
592  1.89804
593  2.39147
594  2.59841
595  2.10029
596  2.12092
597  1.39335
598  1.47178
599  0.873767
