0  0.0991862
1  0.351975
2  -0.543413
3  -0.426232
4  0.11659
5  -0.19797
6  -0.200172
7  0.328121
8  -0.40666
9  0.0437026
10  0.901118
11  1.16491
12  0.207568
13  -0.338829
14  -0.0856395
15  -0.140592
16  0.422249
17  0.451734
18  -0.00602778
19  -0.410035
20  -0.390322
21  -0.360141
22  -0.849741
23  -0.687305
24  0.318048
25  -0.699805
26  -0.259296
27  -0.647575
28  -0.147684
29  -0.64211
30  -0.0527937
31  0.495945
32  0.940378
33  -0.80572
34  -0.403964
35  -0.122612
36  0.397557
37  -0.764631
38  0.0217172
39  -0.0837223
40  -0.331925
41  1.22413
42  0.762623
43  0.018284
44  0.143884
45  -0.349015
46  -0.451686
47  0.453137
48  0.744772
49  0.135734
50  -0.545468
51  0.217053
52  0.366681
53  0.468623
54  0.10842
55  -0.602761
56  0.0793565
57  -0.18871
58  0.320797
59  -0.10061
60  -1.23557
61  -0.786295
62  -0.326032
63  0.146221
64  0.306954
65  -0.453002
66  -0.397965
67  1.18232
68  -0.102984
69  -0.0732434
70  0.996177
71  0.991827
72  0.394472
73  0.596281
74  0.453671
75  -0.77189
76  0.230345
77  0.82663
78  -0.836139
79  -0.291528
80  0.272568
81  -0.0378902
82  -0.161966
83  -0.637194
84  -1.45021
85  0.626247
86  -0.0872947
87  -0.364443
88  0.147528
89  -0.0565179
90  0.00201247
91  -0.124203
92  0.304505
93  0.071331
94  0.117855
95  0.0207459
96  0.822546
97  0.398283
98  0.203973
99  0.0893672
100  -0.78339
101  -0.143021
102  -0.15471
103  -0.0809724
104  0.0273659
105  -0.344001
106  0.80712
107  0.42934
108  0.892827
109  -0.517845
110  -0.258536
111  1.20119
112  -0.0414621
113  -0.870755
114  -0.998143
115  0.443785
116  0.734486
117  0.699011
118  0.105256
119  0.0978031
120  0.329877
121  -0.645182
122  -0.424476
123  0.197689
124  1.33604
125  1.04414
126  -0.854909
127  0.376705
128  -1.0009
129  -1.03018
130  0.465518
131  0.194201
132  0.160799
133  0.0339552
134  0.0822549
135  0.047969
136  0.143232
137  -0.107786
138  -0.271196
139  -0.587312
140  -0.421844
141  -0.572099
142  -0.885906
143  -0.222038
144  -0.195357
145  0.209433
146  0.32625
147  -0.544416
148  -1.27957
149  0.275044
150  0.812126
151  0.582773
152  -0.659042
153  0.525032
154  -0.560183
155  -0.583263
156  0.785494
157  -0.232783
158  0.46578
159  -0.000842198
160  1.03649
161  -0.116416
162  0.662556
163  0.0225927
164  -0.186253
165  -0.0476645
166  0.0105692
167  -0.487438
168  0.753507
169  -0.677423
170  -0.782388
171  -0.450195
172  -0.887117
173  -0.981453
174  -0.0311012
175  -0.116123
176  0.306209
177  0.0192429
178  -0.04647
179  -0.307483
180  -0.489832
181  -0.67384
182  0.0279437
183  -0.248509
184  -1.32171
185  -1.31106
186  -0.201282
187  -0.9563
188  -0.441722
189  0.287783
190  -0.0212254
191  0.593729
192  -0.621262
193  -0.457525
194  -0.0704577
195  -0.0842779
196  -0.399593
197  -22.5579
198  -146.26
199  -499.469
200  -1117.4
201  -1885.63
202  -2638.27
203  -3226.53
204  -3571.65
205  -3676.87
206  -3574.13
207  -3324.35
208  -2986.04
209  -2614.04
210  -2241.92
211  -1891.57
212  -1583.24
213  -1318.71
214  -1097.82
215  -916.206
216  -766.422
217  -645.075
218  -544.514
219  -463.369
220  -397.828
221  -347.66
222  -307.53
223  -274.749
224  -245.56
225  -217.029
226  -188.907
227  -160.329
228  -132.647
229  -109.443
230  -91.26
231  -75.6931
232  -65.7883
233  -59.8929
234  -57.873
235  -57.5582
236  -59.2509
237  -62.1929
238  -64.8923
239  -67.3699
240  -69.2442
241  -69.2956
242  -70.1648
243  -69.1996
244  -69.0922
245  -67.5767
246  -66.0354
247  -64.0477
248  -63.8224
249  -63.237
250  -62.9494
251  -61.7243
252  -60.4745
253  -58.1944
254  -59.0567
255  -57.9529
256  -56.4615
257  -55.0043
258  -53.8778
259  -51.8512
260  -50.1746
261  -49.75
262  -47.439
263  -47.4042
264  -46.4798
265  -45.8012
266  -45.4699
267  -46.0235
268  -47.9955
269  -47.374
270  -46.4645
271  -44.717
272  -43.7708
273  -44.0778
274  -42.0853
275  -40.6619
276  -42.2243
277  -40.6453
278  -39.0586
279  -37.3253
280  -36.2546
281  -35.6671
282  -36.1009
283  -39.1105
284  -42.3626
285  -44.8208
286  -46.8842
287  -44.9334
288  -45.0957
289  -41.667
290  -39.0665
291  -36.0907
292  -33.2372
293  -29.6248
294  -27.107
295  -24.6839
296  -22.2381
297  -20.6363
298  -18.8967
299  -17.0873
300  -17.1966
301  -15.5868
302  -14.0056
303  -13.1689
304  -12.6999
305  -13.5523
306  -13.1509
307  -11.9109
308  -11.8119
309  -12.6723
310  -11.2074
311  -11.8724
312  -12.3227
313  -12.0467
314  -11.188
315  -11.3683
316  -12.2627
317  -11.3638
318  -11.4627
319  -11.4716
320  -11.6013
321  -11.3786
322  -11.6207
323  -11.7912
324  -11.6866
325  -10.9761
326  -10.5873
327  -10.9085
328  -10.4307
329  -11.0989
330  -10.871
331  -10.4732
332  -10.1706
333  -11.3251
334  -11.4648
335  -11.0922
336  -11.0772
337  -10.3084
338  -9.98444
339  -8.93944
340  -8.95786
341  -8.42034
342  -7.78086
343  -8.73508
344  -7.20581
345  -8.09274
346  -7.46879
347  -7.87918
348  -7.59208
349  -7.40566
350  -6.77688
351  -6.78565
352  -6.02421
353  -6.66807
354  -6.58645
355  -5.69404
356  -5.89267
357  -6.25918
358  -7.22355
359  -6.63221
360  -8.11108
361  -8.93926
362  -8.78977
363  -8.09908
364  -8.31661
365  -8.33804
366  -7.64335
367  -7.30505
368  -7.58094
369  -7.39463
370  -7.08134
371  -7.1609
372  -6.106
373  -6.44568
374  -6.48494
375  -6.60544
376  -5.3673
377  -6.30362
378  -6.3806
379  -6.35308
380  -6.33853
381  -6.89472
382  -8.25781
383  -8.5917
384  -9.64242
385  -11.3161
386  -14.8055
387  -18.9305
388  -22.2478
389  -27.3391
390  -29.5295
391  -30.3248
392  -28.7236
393  -27.9559
394  -26.8916
395  -25.427
396  -24.2859
397  -22.5311
398  -20.6079
399  -19.1041
400  -18.4781
401  -17.2867
402  -16.8826
403  -15.6457
404  -14.877
405  -15.7744
406  -14.3626
407  -14.8191
408  -13.5578
409  -13.1205
410  -11.9927
411  -11.7221
412  -10.7081
413  -10.3441
414  -11.2604
415  -11.0352
416  -9.30032
417  -11.6218
418  -13.102
419  -13.6369
420  -14.1402
421  -14.1347
422  -14.8035
423  -14.9198
424  -14.5649
425  -13.8543
426  -13.8438
427  -13.7176
428  -12.3533
429  -12.3114
430  -11.3678
431  -11.0239
432  -9.82733
433  -10.922
434  -10.0401
435  -9.9669
436  -10.5537
437  -9.99273
438  -11.264
439  -11.6398
440  -11.5724
441  -13.2929
442  -13.0104
443  -14.7671
444  -16.3957
445  -18.2095
446  -21.4464
447  -24.0302
448  -26.6157
449  -26.366
450  -23.048
451  -19.3958
452  -14.5843
453  -9.82858
454  -3.60629
455  0.670129
456  5.44008
457  7.79616
458  11.6392
459  13.1223
460  15.3917
461  15.7465
462  15.6982
463  15.8053
464  16.1715
465  14.217
466  15.5165
467  14.3533
468  13.8953
469  13.9057
470  12.118
471  11.783
472  11.3668
473  10.8297
474  12.1989
475  11.0525
476  10.2161
477  9.78124
478  9.53331
479  9.88514
480  9.36609
481  8.07086
482  7.84939
483  7.547
484  7.55872
485  5.40828
486  5.7114
487  5.62596
488  6.16703
489  6.31782
490  5.42022
491  5.98042
492  5.88095
493  4.89564
494  5.26189
495  5.79159
496  5.7744
497  5.0113
498  4.32368
499  5.49904
500  4.93781
501  4.44082
502  4.18532
503  4.07078
504  4.40608
505  3.78479
506  4.29017
507  3.72419
508  4.35451
509  4.24054
510  3.41568
511  3.28303
512  3.07924
513  3.84768
514  2.98133
515  2.75505
516  2.7142
517  2.81464
518  2.6567
519  3.23121
520  2.09174
521  3.81603
522  3.51469
523  4.41272
524  3.84606
525  3.18366
526  3.1572
527  3.78492
528  3.96953
529  2.08868
530  3.07609
531  2.75605
532  3.01448
533  3.04178
534  3.18088
535  2.39157
536  2.99464
537  2.35299
538  2.38267
539  2.41378
540  2.53929
541  3.12365
542  2.67327
543  3.2785
544  3.14202
545  2.2875
546  2.27928
547  3.57049
548  1.78828
549  1.63543
550  3.12248
551  2.43881
552  0.922319
553  2.14213
554  1.77925
555  1.28393
556  2.83672
557  1.88228
558  1.84727
559  2.26627
560  1.47935
561  1.6573
562  1.86924
563  3.26286
564  1.54402
565  1.56789
566  1.59491
567  0.908981
568  0.521115
569  0.69566
570  1.83366
571  2.19087
572  1.1478
573  1.66856
574  1.41606
575  1.32438
576  1.54653
577  1.13807
578  1.39036
579  0.236854
580  1.43804
581  1.82552
582  1.228
583  1.52865
584  1.41451
585  0.909799
586  1.52103
587  1.33976
588  1.11535
589  1.09353
590  1.49745
591  1.34552
592  0.841749
593  0.671702
594  1.18686
595  1.57226
596  0.852448
597  -0.0327581
598  0.621512
599  1.69396
