0  0.301401
1  0.164758
2  -0.166605
3  1.22487
4  0.0385886
5  -0.614443
6  0.188204
7  -0.263589
8  0.0154896
9  -0.0320557
10  0.949668
11  -0.527879
12  1.13671
13  0.273509
14  0.289143
15  -0.565206
16  -0.391135
17  -0.0890342
18  -0.849471
19  -0.599552
20  -0.0761637
21  -0.335385
22  -0.345326
23  -0.193322
24  -0.260534
25  -0.415089
26  0.372233
27  0.1578
28  0.0274191
29  0.837798
30  0.678362
31  -0.348252
32  -0.148285
33  -0.424751
34  0.287549
35  -0.205405
36  -0.212015
37  -0.59407
38  -0.547438
39  0.61981
40  -0.838389
41  -0.0779721
42  0.116244
43  0.0988241
44  0.157328
45  -0.343225
46  0.150621
47  0.251533
48  0.129797
49  0.118666
50  0.0520227
51  -0.280201
52  -0.850927
53  -0.656137
54  0.761593
55  0.553057
56  0.653872
57  0.559869
58  -0.196544
59  -0.219446
60  0.291727
61  0.129376
62  -1.16807
63  0.149723
64  0.938505
65  -0.101077
66  -0.46002
67  0.448249
68  -0.388188
69  -0.154553
70  0.190416
71  0.160371
72  0.380099
73  0.341132
74  0.564959
75  -0.233735
76  0.557562
77  -0.317191
78  0.370931
79  -0.178997
80  0.108887
81  -0.165413
82  -0.421931
83  -0.320451
84  0.714226
85  0.134655
86  -0.263109
87  0.250334
88  -0.724037
89  0.057233
90  0.159249
91  -0.049854
92  0.405885
93  -0.15102
94  0.129324
95  -0.383879
96  -0.834236
97  -0.159332
98  -0.43189
99  0.266786
100  0.163928
101  -0.32274
102  0.585193
103  -0.0643347
104  -0.0379519
105  0.398853
106  -0.477049
107  -1.37842
108  -0.183447
109  -0.34664
110  -0.202465
111  0.0809612
112  -0.110636
113  -0.370052
114  -0.293805
115  -0.340032
116  -0.464916
117  0.497161
118  0.308353
119  -0.115039
120  0.41077
121  -0.0904953
122  -0.580412
123  -0.280273
124  -0.0227884
125  0.469442
126  -0.553752
127  0.316835
128  0.302845
129  0.207597
130  -0.000321068
131  -0.118695
132  -0.078872
133  0.124764
134  0.23394
135  0.0757612
136  0.011106
137  0.315487
138  0.340583
139  1.03664
140  0.444433
141  0.181975
142  0.432968
143  0.605786
144  -1.08598
145  0.0576582
146  -0.0306956
147  0.526466
148  1.24693
149  -0.746748
150  0.547311
151  0.253724
152  -0.344543
153  0.736211
154  0.0844055
155  0.324448
156  0.0867276
157  -0.094589
158  -0.169046
159  0.118643
160  0.338539
161  0.207813
162  0.429066
163  0.317835
164  0.572519
165  -0.206495
166  -0.0888437
167  0.0353632
168  -0.0450147
169  0.0545406
170  0.048059
171  -0.726102
172  -0.77939
173  -0.0480338
174  0.226224
175  -0.518628
176  0.0411713
177  -0.204783
178  -1.05236
179  0.000653882
180  -0.163905
181  0.546989
182  -0.157289
183  -0.430985
184  0.560754
185  0.41721
186  0.175517
187  0.148184
188  -0.241416
189  -0.244373
190  0.519842
191  0.492869
192  -0.253762
193  0.474257
194  -0.846078
195  -0.616433
196  -1.72049
197  -20.8056
198  -139.917
199  -491.854
200  -1119.63
201  -1907.43
202  -2670.48
203  -3259.4
204  -3598.57
205  -3687.18
206  -3570.25
207  -3304.98
208  -2956
209  -2579.43
210  -2211.77
211  -1872.09
212  -1570.65
213  -1312.74
214  -1094.52
215  -915.686
216  -769.187
217  -650.969
218  -555.264
219  -477.221
220  -413.9
221  -361.254
222  -319.134
223  -284.09
224  -252.646
225  -221.162
226  -189.453
227  -159.271
228  -131.199
229  -107.619
230  -87.5786
231  -72.7376
232  -62.4102
233  -53.5401
234  -49.2651
235  -48.1941
236  -48.7219
237  -51.8335
238  -54.7899
239  -58.3901
240  -61.6622
241  -64.0797
242  -66.2525
243  -67.5427
244  -67.3818
245  -69.115
246  -68.3814
247  -68.0774
248  -67.1307
249  -66.1459
250  -64.837
251  -64.2235
252  -64.3793
253  -63.9191
254  -63.2995
255  -62.6379
256  -62.3066
257  -60.6214
258  -58.8716
259  -58.57
260  -55.8254
261  -53.8567
262  -52.6714
263  -50.491
264  -48.2751
265  -48.6419
266  -47.5119
267  -47.3436
268  -48.3515
269  -47.6996
270  -48.1872
271  -47.4519
272  -46.4194
273  -44.6554
274  -41.6733
275  -38.7489
276  -35.5043
277  -32.9486
278  -32.2418
279  -31.6736
280  -32.2842
281  -32.2533
282  -33.5113
283  -35.8151
284  -39.252
285  -42.3295
286  -44.5438
287  -45.1088
288  -44.082
289  -42.9167
290  -39.6195
291  -35.5216
292  -31.4911
293  -28.1964
294  -24.7065
295  -22.0708
296  -19.0394
297  -18.2646
298  -16.4141
299  -16.0082
300  -14.779
301  -14.276
302  -13.3559
303  -12.6957
304  -12.5233
305  -12.5526
306  -13.2801
307  -12.4923
308  -14.1385
309  -13.9088
310  -13.6712
311  -13.8915
312  -14.1607
313  -14.6994
314  -13.8569
315  -12.8391
316  -13.4851
317  -12.7639
318  -13.0135
319  -12.3183
320  -11.9059
321  -11.0164
322  -10.5253
323  -10.3162
324  -10.4311
325  -10.0148
326  -10.3288
327  -10.5511
328  -11.0059
329  -10.0801
330  -10.4716
331  -10.9374
332  -10.6542
333  -10.4574
334  -9.93232
335  -10.316
336  -10.8339
337  -10.9965
338  -11.2508
339  -10.6309
340  -10.4229
341  -10.1264
342  -10.0837
343  -9.51194
344  -9.22113
345  -8.90847
346  -8.22015
347  -7.56369
348  -7.06959
349  -6.68372
350  -6.35379
351  -6.63851
352  -5.44934
353  -5.06732
354  -5.26455
355  -5.4947
356  -6.01467
357  -6.08192
358  -6.5755
359  -6.4157
360  -6.84499
361  -8.71465
362  -8.29854
363  -7.3896
364  -6.9047
365  -7.19413
366  -6.5599
367  -6.96703
368  -7.5136
369  -7.67617
370  -7.96465
371  -7.95305
372  -8.10045
373  -7.46232
374  -8.10881
375  -8.49759
376  -8.1284
377  -7.71322
378  -8.11945
379  -7.57169
380  -7.23557
381  -7.1833
382  -7.54022
383  -7.06116
384  -7.9516
385  -8.43446
386  -8.38871
387  -8.20679
388  -7.53095
389  -5.37488
390  -3.25409
391  -1.0019
392  0.908302
393  3.82797
394  4.75833
395  5.52104
396  5.35168
397  4.22515
398  2.69311
399  1.59331
400  -0.401424
401  -1.90116
402  -3.23224
403  -5.15032
404  -6.48395
405  -6.89844
406  -8.73164
407  -8.98716
408  -10.1696
409  -10.7606
410  -10.9221
411  -11.4525
412  -12.5891
413  -11.531
414  -11.0715
415  -9.48991
416  -9.45174
417  -8.49687
418  -8.04702
419  -8.061
420  -8.19851
421  -9.17918
422  -9.62742
423  -9.55132
424  -10.9626
425  -10.0403
426  -10.6455
427  -11.119
428  -10.2211
429  -10.5552
430  -8.98054
431  -8.11582
432  -8.40455
433  -8.39809
434  -7.6963
435  -7.18023
436  -7.13713
437  -7.56431
438  -7.39515
439  -7.52627
440  -7.90681
441  -8.82453
442  -9.72629
443  -10.6251
444  -13.1106
445  -16.0106
446  -21.4375
447  -26.2236
448  -31.1777
449  -34.5945
450  -34.8892
451  -34.4078
452  -31.8232
453  -28.0825
454  -22.7945
455  -17.0105
456  -11.4366
457  -6.52895
458  -3.9297
459  0.128709
460  3.20896
461  5.25986
462  6.94527
463  7.63583
464  7.92961
465  9.19457
466  9.55608
467  8.86997
468  9.22233
469  9.84515
470  9.43937
471  9.23503
472  8.96546
473  9.39591
474  9.05436
475  9.35146
476  9.16926
477  9.3849
478  9.03414
479  8.3517
480  8.00239
481  8.3994
482  8.48949
483  7.92694
484  7.27512
485  6.46582
486  6.73196
487  5.96317
488  5.74402
489  5.19177
490  5.10709
491  4.796
492  5.52468
493  4.66817
494  4.99316
495  4.87135
496  5.19593
497  4.97848
498  4.75697
499  5.12192
500  5.26067
501  5.06346
502  4.27296
503  4.02164
504  4.03356
505  3.33109
506  3.9471
507  4.34992
508  4.27766
509  3.75454
510  3.58387
511  3.23703
512  3.68883
513  3.52127
514  3.31318
515  3.95221
516  3.64816
517  3.16849
518  3.36748
519  3.42886
520  2.97995
521  3.69967
522  2.19384
523  2.76346
524  3.1518
525  2.6168
526  3.10953
527  3.43869
528  3.85193
529  2.56277
530  3.54371
531  3.09202
532  2.4826
533  2.27939
534  2.92323
535  2.61151
536  1.76635
537  1.54975
538  2.55315
539  3.12495
540  3.84659
541  2.94311
542  3.43785
543  2.28547
544  2.17907
545  2.25146
546  2.16954
547  2.64873
548  2.41513
549  2.53187
550  2.74729
551  2.32343
552  2.83923
553  2.67573
554  2.44117
555  2.68939
556  2.42539
557  2.17852
558  2.15275
559  2.06863
560  2.46405
561  2.41569
562  1.80103
563  2.21734
564  2.49465
565  1.90879
566  1.10917
567  1.93251
568  2.39553
569  1.27651
570  1.3834
571  1.771
572  1.77036
573  2.04148
574  1.82125
575  2.42262
576  3.04889
577  1.41942
578  0.628809
579  1.13948
580  2.39688
581  1.61594
582  1.35299
583  1.63263
584  1.39806
585  1.48814
586  1.63693
587  2.1602
588  1.35829
589  1.34043
590  1.90558
591  2.3658
592  1.4439
593  1.41443
594  0.700595
595  1.59239
596  1.7139
597  1.32816
598  1.99753
599  0.698376
