0  -0.273095
1  -0.133296
2  -0.111717
3  -0.47189
4  0.229638
5  -0.205918
6  0.232183
7  0.27631
8  -0.306089
9  -0.424258
10  0.475429
11  -0.194267
12  -0.0645411
13  0.409531
14  -0.341587
15  0.171786
16  0.359014
17  0.325478
18  0.0637901
19  0.241669
20  -0.658097
21  -0.50684
22  0.292317
23  0.229413
24  0.393366
25  0.526563
26  0.252834
27  -0.465926
28  -0.25113
29  0.379665
30  -0.376286
31  -0.0383286
32  -0.240227
33  0.597184
34  -0.393587
35  -0.105209
36  0.426675
37  0.490842
38  0.00804122
39  -0.146375
40  0.764888
41  -0.0809701
42  -0.114403
43  0.0615963
44  0.322836
45  0.219168
46  -0.302603
47  -0.537176
48  -0.724508
49  0.112363
50  0.174033
51  -0.151264
52  0.230102
53  0.0259567
54  0.237976
55  -0.321801
56  -0.604499
57  -0.360883
58  0.0729515
59  0.164421
60  -0.30224
61  0.0802709
62  0.121641
63  -0.0411968
64  -0.242284
65  0.165501
66  -0.401796
67  0.374943
68  0.130287
69  0.0773086
70  0.0935938
71  0.298483
72  0.11356
73  -0.276808
74  0.265486
75  0.553264
76  0.225652
77  0.323573
78  -0.231831
79  0.21232
80  0.000132412
81  0.310673
82  0.0454232
83  -0.357132
84  -0.0342347
85  0.0920331
86  -0.29929
87  0.2462
88  0.415579
89  0.220481
90  0.365835
91  0.327153
92  0.28159
93  -0.00995769
94  0.137042
95  0.0719207
96  0.247447
97  0.0332673
98  -0.0536538
99  0.108973
100  0.0651297
101  0.178033
102  0.555256
103  -0.405758
104  -0.0505153
105  0.266478
106  -0.0621051
107  -0.27175
108  -0.0481028
109  -0.0555706
110  0.0893563
111  0.116467
112  -0.630152
113  -0.653296
114  0.122225
115  0.127701
116  0.122293
117  -0.0534157
118  -0.441082
119  0.395938
120  0.60333
121  -0.33608
122  -0.222792
123  0.154451
124  -0.227004
125  -0.444895
126  0.155275
127  -0.153248
128  -0.378666
129  -0.117287
130  -0.118041
131  -0.516529
132  0.207888
133  -0.00230299
134  0.297012
135  -0.629292
136  0.121987
137  0.221169
138  0.215762
139  0.148043
140  0.291485
141  -0.373352
142  -0.245089
143  0.433238
144  0.00567905
145  0.0161107
146  -0.640732
147  -0.375205
148  0.00341126
149  0.321341
150  0.44958
151  0.316016
152  0.0209457
153  -0.0568096
154  0.675217
155  0.421753
156  0.121336
157  -0.615502
158  0.0755223
159  -0.0524097
160  -0.537783
161  -0.507238
162  0.203043
163  -0.405522
164  -0.170784
165  0.158414
166  -0.51453
167  -0.566175
168  -0.228402
169  0.53524
170  -0.133536
171  -0.575766
172  0.12645
173  -0.0442185
174  0.661911
175  0.0962932
176  -0.124657
177  0.561939
178  0.428288
179  -0.150009
180  0.807361
181  0.442965
182  -0.0521535
183  0.0928515
184  0.129886
185  0.510862
186  -0.345376
187  0.149741
188  0.168017
189  -0.265773
190  0.292883
191  0.458596
192  0.0890155
193  0.109331
194  -0.325516
195  -0.50276
196  -1.18494
197  -16.7468
198  -125.039
199  -469.493
200  -1111.25
201  -1920.72
202  -2688.63
203  -3260.74
204  -3572.91
205  -3641.06
206  -3527.66
207  -3291.27
208  -2985.17
209  -2651.76
210  -2316.79
211  -1995.86
212  -1703.51
213  -1445.46
214  -1217.38
215  -1023.87
216  -859.187
217  -719.303
218  -602.218
219  -505.551
220  -426.89
221  -362.996
222  -313.393
223  -275.775
224  -246.742
225  -225.76
226  -209.158
227  -194.132
228  -179.554
229  -165.326
230  -152.201
231  -139.184
232  -127.438
233  -116.844
234  -108.593
235  -101.657
236  -97.8568
237  -96.398
238  -96.2236
239  -97.1961
240  -96.1732
241  -95.0473
242  -93.3375
243  -89.4379
244  -84.5684
245  -80.2365
246  -75.3552
247  -71.9321
248  -69.4384
249  -68.2677
250  -68.9624
251  -70.7012
252  -72.5083
253  -73.4346
254  -74.1639
255  -72.5053
256  -70.069
257  -67.1586
258  -63.9454
259  -58.0801
260  -54.0064
261  -49.9857
262  -48.7967
263  -48.1388
264  -49.7352
265  -52.281
266  -55.6565
267  -59.1689
268  -60.3506
269  -59.1631
270  -57.3853
271  -52.4165
272  -45.9854
273  -40.223
274  -35.4827
275  -31.3437
276  -28.7927
277  -27.2089
278  -27.414
279  -27.3669
280  -27.9631
281  -27.8949
282  -27.0919
283  -25.3138
284  -22.8023
285  -21.0339
286  -18.6278
287  -17.1406
288  -15.84
289  -15.9383
290  -17.1251
291  -18.3785
292  -20.3991
293  -22.2603
294  -22.38
295  -22.6487
296  -21.7878
297  -20.0924
298  -18.4506
299  -15.448
300  -13.5738
301  -12.9658
302  -12.0403
303  -11.5123
304  -12.6836
305  -13.9338
306  -15.102
307  -16.7515
308  -17.0924
309  -16.418
310  -16.1628
311  -15.0352
312  -13.8958
313  -11.8416
314  -9.9933
315  -9.2295
316  -8.80465
317  -8.97023
318  -8.88865
319  -9.82679
320  -10.9526
321  -11.1671
322  -11.9223
323  -11.1391
324  -10.3647
325  -9.10863
326  -8.20972
327  -6.53926
328  -6.22408
329  -6.01873
330  -5.55534
331  -7.48734
332  -7.92767
333  -9.16928
334  -9.69422
335  -10.2142
336  -10.6537
337  -10.4153
338  -10.515
339  -9.43138
340  -9.35207
341  -8.29599
342  -7.85291
343  -7.95667
344  -7.58512
345  -8.82291
346  -8.82772
347  -9.05981
348  -8.60747
349  -8.43306
350  -8.03064
351  -6.48765
352  -5.85658
353  -4.60335
354  -3.7584
355  -3.08282
356  -3.4555
357  -3.51585
358  -5.81893
359  -7.24454
360  -7.53441
361  -7.51226
362  -6.37369
363  -4.70419
364  -2.45682
365  0.22433
366  2.79648
367  5.87506
368  9.77638
369  14.1825
370  17.9633
371  23.6397
372  28.6709
373  33.8087
374  39.3513
375  44.3084
376  48.0568
377  50.9008
378  51.2933
379  50.441
380  46.9521
381  41.4715
382  34.3568
383  25.2438
384  17.8664
385  10.826
386  6.8501
387  3.02835
388  0.709638
389  0.720635
390  0.476859
391  -0.520045
392  -1.93522
393  -3.49896
394  -6.45946
395  -8.56536
396  -9.04597
397  -8.41278
398  -7.23168
399  -6.28494
400  -4.1643
401  -1.65288
402  -1.77283
403  -2.57519
404  -4.82981
405  -9.12762
406  -13.5105
407  -17.5997
408  -21.0599
409  -23.7715
410  -25.91
411  -26.2806
412  -24.9805
413  -23.8725
414  -22.5465
415  -22.0446
416  -24.1203
417  -27.5212
418  -35.033
419  -44.8312
420  -54.6069
421  -62.5721
422  -68.5415
423  -71.2438
424  -71.5532
425  -68.8789
426  -64.1441
427  -57.8338
428  -50.5211
429  -42.805
430  -35.5771
431  -28.1429
432  -21.8511
433  -16.4556
434  -11.2554
435  -8.31222
436  -5.74731
437  -2.90198
438  -0.971904
439  0.139336
440  1.02059
441  1.80679
442  3.42498
443  3.78983
444  5.06568
445  6.52122
446  6.40018
447  5.79051
448  5.68921
449  5.90964
450  5.00573
451  4.66873
452  4.01151
453  3.71835
454  3.92031
455  3.75352
456  4.5385
457  5.2617
458  5.01863
459  5.5958
460  4.92296
461  4.97407
462  4.59414
463  4.30873
464  4.10811
465  2.94786
466  2.78984
467  3.13794
468  3.0514
469  3.2587
470  2.92346
471  3.32509
472  3.80771
473  4.28992
474  3.66509
475  3.41599
476  3.43815
477  2.87559
478  2.18597
479  3.05283
480  2.82668
481  3.05175
482  2.96158
483  2.41478
484  2.62719
485  3.23454
486  3.31066
487  3.20938
488  2.31933
489  3.33611
490  2.94293
491  2.34773
492  2.11016
493  2.06449
494  2.92096
495  2.73908
496  2.56477
497  2.46798
498  2.84358
499  3.8656
500  3.76859
501  3.41989
502  2.90366
503  3.46945
504  2.46308
505  2.52603
506  2.21005
507  3.13288
508  2.56459
509  2.04512
510  2.7957
511  3.09172
512  2.95347
513  2.93391
514  2.99098
515  2.81631
516  3.00364
517  2.56802
518  2.44413
519  2.10034
520  2.2617
521  1.89099
522  2.09225
523  2.76523
524  2.4206
525  2.71202
526  3.21908
527  3.01761
528  2.0125
529  2.41728
530  2.17227
531  1.69948
532  1.62999
533  2.03678
534  2.04458
535  1.3161
536  1.51156
537  2.17488
538  2.27302
539  2.54231
540  2.65855
541  2.11276
542  1.56665
543  1.61575
544  0.957412
545  1.00275
546  1.05984
547  1.48118
548  1.12746
549  0.8833
550  0.72844
551  1.20573
552  1.41325
553  1.75517
554  1.90663
555  1.48921
556  1.70906
557  1.64145
558  1.16407
559  0.674122
560  1.58955
561  1.5876
562  1.20579
563  1.28114
564  1.52102
565  1.96617
566  2.26504
567  1.9434
568  2.54287
569  2.3497
570  1.68488
571  1.6778
572  1.30862
573  2.46099
574  1.83254
575  0.935525
576  1.82074
577  1.51141
578  2.11036
579  1.95526
580  2.06162
581  2.38008
582  2.28705
583  2.15618
584  2.14518
585  1.56477
586  1.57264
587  2.66323
588  2.21391
589  2.32954
590  2.71517
591  2.66841
592  2.85835
593  2.98689
594  2.95681
595  3.44108
596  3.90526
597  3.7232
598  2.75918
599  2.27388
