0  0.203038
1  -0.11287
2  -0.494127
3  -0.0106916
4  0.121207
5  -0.667758
6  -0.248051
7  0.0567482
8  0.134257
9  0.455393
10  0.168682
11  0.69714
12  -0.500609
13  -0.396758
14  0.0190274
15  -0.489118
16  0.125913
17  0.0291772
18  0.0613638
19  0.324416
20  0.291194
21  -0.0865593
22  0.302273
23  -0.0528269
24  -0.152442
25  0.0701046
26  -0.370122
27  -0.299452
28  -0.134772
29  0.0399857
30  0.22535
31  -0.058049
32  -0.334271
33  0.273791
34  0.421562
35  -0.858877
36  -0.24705
37  -0.200994
38  0.149718
39  -0.0871193
40  -0.285819
41  0.623153
42  0.316761
43  0.598384
44  0.201117
45  -0.132885
46  0.187378
47  -0.124873
48  0.249045
49  -0.254377
50  -0.423428
51  -0.0180472
52  -0.506392
53  -0.458519
54  0.0432868
55  0.623037
56  0.699132
57  -0.0470223
58  -0.398101
59  -0.223396
60  0.164319
61  0.10051
62  0.361101
63  -0.130691
64  0.113322
65  -0.00094326
66  0.338879
67  -0.347278
68  0.0817704
69  0.0215955
70  0.0610622
71  0.306683
72  -0.133693
73  -0.330405
74  0.121014
75  0.252653
76  -0.280946
77  -0.0551593
78  -0.127204
79  0.0591752
80  0.0805025
81  -0.357354
82  -0.0408949
83  0.186675
84  0.403372
85  -0.430303
86  -0.4559
87  0.216857
88  -0.277238
89  -0.0259772
90  -0.351592
91  -0.223329
92  0.081708
93  -0.21395
94  0.00311783
95  0.0615622
96  -0.18808
97  0.095152
98  0.208593
99  -0.365265
100  -0.18756
101  -0.409382
102  -0.107079
103  -0.366515
104  -0.0540698
105  0.0418505
106  0.00463853
107  0.0333974
108  0.379621
109  -0.242631
110  0.117132
111  0.295624
112  0.813088
113  0.124357
114  0.319832
115  0.462368
116  0.5741
117  -0.111796
118  0.172005
119  -0.0528855
120  0.276222
121  0.171295
122  -0.150139
123  -0.268324
124  0.128347
125  0.0881965
126  0.446397
127  0.712566
128  -0.799977
129  0.106075
130  0.100781
131  -0.508548
132  -0.50951
133  0.0956725
134  0.533366
135  -0.738695
136  0.395107
137  0.305975
138  0.0116316
139  -0.0354465
140  -0.0819821
141  -0.0964583
142  0.555933
143  -0.00208517
144  -0.327205
145  -0.439047
146  0.349321
147  -0.142273
148  0.250244
149  0.29279
150  -0.14727
151  0.0065146
152  0.398056
153  0.217848
154  -0.214395
155  -0.0464494
156  0.0480671
157  0.927712
158  0.0871855
159  -0.308274
160  -0.224731
161  0.0864134
162  0.535852
163  -0.33096
164  0.551389
165  -0.261637
166  -0.197816
167  -0.086007
168  0.57825
169  0.726046
170  -0.0181725
171  0.414417
172  -0.190676
173  0.478984
174  0.506136
175  -0.0459695
176  -0.0271711
177  -0.35959
178  -0.436029
179  0.462412
180  0.419176
181  0.526619
182  0.0441886
183  0.229314
184  0.260333
185  0.218353
186  -0.264305
187  0.129996
188  0.614379
189  0.618936
190  -0.202752
191  -0.507664
192  0.169826
193  0.353
194  0.135156
195  0.248414
196  -1.4072
197  -23.799
198  -140.76
199  -469.959
200  -1042.04
201  -1760.05
202  -2461.76
203  -3010.11
204  -3333.81
205  -3430.29
206  -3337.38
207  -3106.12
208  -2791.07
209  -2440.77
210  -2092.36
211  -1766.47
212  -1476.98
213  -1230.34
214  -1023.28
215  -852.353
216  -714.204
217  -602.302
218  -513.274
219  -442.313
220  -383.82
221  -336.574
222  -299.357
223  -269.776
224  -244.949
225  -219.203
226  -191.618
227  -163.804
228  -137.631
229  -112.399
230  -91.0713
231  -72.9038
232  -59.4955
233  -49.9692
234  -44.9454
235  -42.9277
236  -43.9744
237  -47.2938
238  -52.3154
239  -57.9663
240  -62.8352
241  -67.3061
242  -70.8248
243  -72.8272
244  -74.729
245  -75.18
246  -74.588
247  -73.5242
248  -72.025
249  -70.3463
250  -68.8752
251  -67.7292
252  -65.8557
253  -65.5939
254  -64.6442
255  -63.7248
256  -62.176
257  -60.3106
258  -58.4525
259  -56.5948
260  -55.7002
261  -54.1454
262  -52.8682
263  -52.4194
264  -50.8048
265  -48.7855
266  -46.9771
267  -45.5827
268  -44.7114
269  -43.9142
270  -41.9777
271  -40.7834
272  -39.3152
273  -38.8293
274  -37.6132
275  -35.6395
276  -34.8194
277  -33.9334
278  -33.5894
279  -33.9875
280  -34.4597
281  -34.447
282  -35.1176
283  -34.8266
284  -35.18
285  -33.5214
286  -33.8091
287  -35.1128
288  -37.3267
289  -41.3239
290  -44.6918
291  -47.1993
292  -48.7197
293  -48.3462
294  -45.9458
295  -43.8579
296  -41.4101
297  -37.4289
298  -34.5372
299  -31.7807
300  -28.8172
301  -26.0634
302  -23.5925
303  -21.0723
304  -20.1095
305  -17.5625
306  -16.8716
307  -17.4363
308  -16.142
309  -15.7693
310  -15.8033
311  -14.6922
312  -14.3677
313  -13.7908
314  -13.2729
315  -13.0937
316  -12.3859
317  -11.9618
318  -11.6093
319  -11.0984
320  -11.0915
321  -11.7714
322  -11.3397
323  -11.6825
324  -11.5263
325  -11.1788
326  -11.212
327  -10.8989
328  -11.1034
329  -10.6685
330  -10.7648
331  -10.5421
332  -10.532
333  -10.586
334  -10.5881
335  -10.3858
336  -10.6683
337  -10.3215
338  -9.67574
339  -9.90343
340  -8.84709
341  -8.35396
342  -8.80957
343  -9.52446
344  -8.83021
345  -8.97491
346  -8.179
347  -8.17674
348  -7.22837
349  -6.54615
350  -7.1766
351  -6.19967
352  -5.79905
353  -5.261
354  -5.11479
355  -4.9264
356  -4.08385
357  -4.3641
358  -3.5634
359  -4.1215
360  -4.64297
361  -4.87157
362  -5.70637
363  -6.20063
364  -6.88339
365  -7.22174
366  -7.69403
367  -7.85458
368  -6.95612
369  -7.42103
370  -6.36984
371  -6.34944
372  -5.97146
373  -6.3143
374  -5.74762
375  -5.49073
376  -5.77797
377  -5.8194
378  -5.6279
379  -5.54575
380  -4.98452
381  -6.10348
382  -5.80969
383  -6.31817
384  -6.18294
385  -6.66262
386  -6.42276
387  -6.72248
388  -7.06985
389  -7.29665
390  -8.07959
391  -9.05268
392  -8.3812
393  -7.728
394  -6.32064
395  -4.98051
396  -2.86919
397  -2.32917
398  -0.76368
399  -0.420088
400  0.0562078
401  0.25093
402  -0.471968
403  -0.260005
404  -0.0332899
405  -0.365878
406  -0.952903
407  -1.8354
408  -2.23896
409  -2.36832
410  -2.89951
411  -4.40501
412  -5.52902
413  -5.28977
414  -6.53938
415  -6.48745
416  -7.729
417  -8.16803
418  -8.62696
419  -9.46848
420  -10.1503
421  -10.4583
422  -11.4587
423  -13.324
424  -13.6992
425  -14.9472
426  -15.1994
427  -15.0224
428  -15.268
429  -14.1173
430  -13.1956
431  -11.544
432  -9.98899
433  -8.39606
434  -7.09879
435  -5.40178
436  -4.31369
437  -3.39813
438  -3.12215
439  -3.72023
440  -4.21546
441  -4.20621
442  -5.19577
443  -5.70951
444  -7.40872
445  -9.23259
446  -9.70234
447  -10.1361
448  -12.3506
449  -15.6799
450  -19.1901
451  -23.035
452  -25.9725
453  -27.6382
454  -27.4876
455  -26.5668
456  -23.7592
457  -20.4435
458  -16.0747
459  -13.1511
460  -9.62878
461  -5.79703
462  -2.11981
463  -0.146136
464  1.97333
465  4.36777
466  4.90971
467  5.70035
468  6.92943
469  6.98107
470  7.7555
471  8.70587
472  8.12815
473  7.98177
474  8.44271
475  8.51611
476  8.62463
477  8.45298
478  8.74528
479  8.95054
480  8.3955
481  8.89769
482  8.9042
483  8.7724
484  7.9544
485  7.76025
486  7.39025
487  7.04492
488  6.81541
489  6.11405
490  5.44753
491  5.58214
492  5.08031
493  5.39138
494  5.3332
495  4.95998
496  4.42656
497  4.51908
498  4.35685
499  4.0753
500  3.92816
501  4.37574
502  3.82404
503  4.02645
504  3.51591
505  3.95429
506  3.1669
507  3.43102
508  3.21768
509  3.36966
510  3.39609
511  2.99934
512  2.81565
513  2.92535
514  3.17925
515  2.95001
516  3.53256
517  2.3514
518  2.91575
519  4.157
520  2.19144
521  2.91694
522  3.11222
523  3.272
524  2.59325
525  2.20931
526  3.12969
527  2.70199
528  2.46305
529  2.48909
530  3.11784
531  2.74233
532  3.14842
533  3.05507
534  2.12597
535  2.77228
536  2.33877
537  2.27943
538  2.32723
539  2.60817
540  2.02743
541  1.69088
542  1.965
543  2.68286
544  2.27903
545  2.50394
546  2.87158
547  2.05721
548  2.32946
549  2.28288
550  2.02669
551  2.1152
552  2.11151
553  2.26759
554  2.21723
555  2.50376
556  2.55447
557  2.83889
558  2.29731
559  2.31895
560  2.45529
561  2.62126
562  2.95612
563  2.3317
564  1.7847
565  2.18389
566  2.21818
567  2.22083
568  2.51289
569  2.57208
570  2.14006
571  1.9489
572  2.23396
573  2.22793
574  1.73975
575  2.69413
576  2.15722
577  1.80569
578  1.27871
579  2.2716
580  2.21952
581  1.77238
582  2.39518
583  1.42263
584  2.09044
585  1.24268
586  1.37184
587  2.42211
588  1.47093
589  1.36903
590  1.36243
591  1.85459
592  1.90989
593  1.10411
594  1.16479
595  1.9053
596  1.56594
597  1.72974
598  1.7718
599  1.90145
