0  -0.117951
1  -0.0838949
2  -0.336146
3  -0.373334
4  -0.176561
5  -0.170175
6  -0.289716
7  -0.172541
8  -0.00239452
9  0.130107
10  -0.00249767
11  -0.298317
12  -0.314332
13  0.0226134
14  0.117582
15  -0.0519317
16  -0.352283
17  -0.439762
18  -0.742765
19  0.260894
20  -0.352701
21  -0.0905203
22  0.520753
23  0.149409
24  0.184781
25  0.227246
26  0.102991
27  -0.11349
28  -0.564457
29  0.348265
30  0.0358741
31  0.00569958
32  -0.501133
33  -0.36839
34  0.246294
35  0.277297
36  0.0791689
37  -0.59126
38  -0.505615
39  -0.216111
40  0.0213407
41  -0.116622
42  -0.385046
43  0.453681
44  0.206361
45  0.46034
46  0.312613
47  0.713501
48  0.681985
49  0.139253
50  0.466164
51  0.133868
52  -0.144631
53  -0.23427
54  0.322279
55  0.695717
56  0.161899
57  0.0857333
58  0.228603
59  -0.0531916
60  0.215067
61  0.629686
62  0.664662
63  -0.153132
64  -0.505931
65  -0.285771
66  0.185823
67  0.357294
68  0.117574
69  0.100744
70  -0.501313
71  -0.117803
72  0.532391
73  0.219416
74  0.657591
75  -0.10494
76  0.0910427
77  -0.0178764
78  0.191919
79  -0.520089
80  -0.42916
81  -0.230785
82  0.0273482
83  0.0387606
84  0.225338
85  0.435718
86  -0.227248
87  -0.229537
88  0.0954389
89  -0.132366
90  0.433185
91  -0.378181
92  0.0183746
93  0.0605933
94  -0.309617
95  -0.502054
96  -0.0928364
97  -0.397222
98  -0.0758195
99  -0.0752271
100  0.251137
101  0.0605462
102  0.0585848
103  0.210869
104  -0.0576066
105  0.301567
106  -0.289419
107  -0.533937
108  -0.332489
109  -0.18327
110  -0.575
111  -0.394319
112  0.102213
113  -0.0639653
114  -0.465468
115  -0.160124
116  0.0823541
117  -0.267464
118  0.375581
119  -0.127022
120  0.557103
121  -0.402486
122  -0.19362
123  -0.0500533
124  0.190015
125  -0.321602
126  -0.20364
127  0.227155
128  0.776291
129  0.26551
130  0.0536525
131  -0.00724504
132  -0.300971
133  -0.0885158
134  0.00344515
135  0.042737
136  0.283591
137  0.308239
138  0.828607
139  0.218342
140  -0.00674644
141  -0.162134
142  -0.0895353
143  -0.028019
144  0.517365
145  0.215709
146  0.101898
147  0.139343
148  0.0969566
149  -0.132582
150  -0.0920196
151  0.0599837
152  0.612259
153  0.34056
154  0.056759
155  -0.0274895
156  0.465289
157  0.0454463
158  0.165729
159  -0.464763
160  -0.153048
161  0.0268526
162  -0.646543
163  0.307517
164  -0.0386632
165  -0.0118257
166  -0.119819
167  0.091173
168  0.452465
169  -0.652122
170  0.126842
171  -0.260108
172  0.355379
173  0.047286
174  -0.121922
175  -0.274378
176  0.151045
177  0.0592933
178  0.0358064
179  -0.230699
180  -0.382294
181  0.0898576
182  -0.472375
183  -0.380222
184  -0.0204849
185  -0.196963
186  -0.086987
187  -0.217525
188  0.0826377
189  0.0379427
190  0.265738
191  -0.0492882
192  -0.235814
193  -0.043951
194  0.185631
195  -0.367702
196  -1.91122
197  -26.8394
198  -159.662
199  -524.549
200  -1154.52
201  -1937.66
202  -2706.12
203  -3316.1
204  -3683.64
205  -3805.04
206  -3719.17
207  -3480.6
208  -3143.96
209  -2761.49
210  -2377.42
211  -2015.61
212  -1691.66
213  -1410.96
214  -1173.94
215  -977.624
216  -817.777
217  -687.045
218  -581.236
219  -496.877
220  -427.226
221  -372.702
222  -331.029
223  -296.571
224  -267.656
225  -241.094
226  -213.374
227  -186.155
228  -158.752
229  -134.707
230  -113.008
231  -94.6131
232  -80.3133
233  -70.3426
234  -63.573
235  -60.2007
236  -58.896
237  -60.5337
238  -62.6036
239  -65.212
240  -67.1972
241  -69.1055
242  -70.0372
243  -71.0027
244  -71.9468
245  -72.2974
246  -72.4618
247  -72.5911
248  -72.9481
249  -72.467
250  -72.8296
251  -71.6614
252  -70.2466
253  -68.1652
254  -66.8734
255  -64.3752
256  -63.8082
257  -63.2645
258  -62.3869
259  -61.0875
260  -59.9024
261  -58.448
262  -57.1119
263  -55.1366
264  -53.4205
265  -51.4005
266  -49.0431
267  -46.7878
268  -44.5268
269  -42.361
270  -40.9441
271  -38.8181
272  -37.1598
273  -35.4852
274  -33.7429
275  -32.1753
276  -31.5311
277  -31.9707
278  -32.4434
279  -33.1571
280  -33.7245
281  -34.961
282  -37.2291
283  -39.5922
284  -43.0756
285  -45.3354
286  -47.1261
287  -46.5601
288  -45.5504
289  -42.8526
290  -40.0444
291  -36.7788
292  -33.8112
293  -31.1534
294  -28.1361
295  -25.2785
296  -23.3183
297  -22.0358
298  -20.555
299  -19.2084
300  -17.5129
301  -16.8448
302  -16.3466
303  -15.5552
304  -15.0196
305  -13.8719
306  -14.0207
307  -14.1662
308  -14.1884
309  -13.5137
310  -13.4789
311  -12.1174
312  -11.6564
313  -11.5854
314  -11.3792
315  -10.3198
316  -10.2133
317  -9.81829
318  -9.37144
319  -10.3331
320  -9.52222
321  -9.32833
322  -9.1712
323  -8.99656
324  -9.38294
325  -9.5256
326  -9.6992
327  -9.35381
328  -9.54166
329  -9.78379
330  -9.76139
331  -9.88507
332  -9.70713
333  -9.94384
334  -10.0793
335  -9.98492
336  -10.0977
337  -9.77753
338  -8.94255
339  -8.71855
340  -8.69616
341  -8.09787
342  -7.47275
343  -7.48481
344  -7.69744
345  -7.35386
346  -7.11579
347  -7.76096
348  -7.55701
349  -7.09231
350  -7.37069
351  -7.5648
352  -6.92032
353  -6.81844
354  -6.39
355  -6.19676
356  -5.53355
357  -6.59648
358  -7.00024
359  -7.78088
360  -7.95375
361  -9.10205
362  -9.21502
363  -8.96162
364  -9.46245
365  -9.92303
366  -9.86612
367  -9.84287
368  -10.0846
369  -9.35125
370  -8.7659
371  -7.53579
372  -7.72055
373  -7.10756
374  -7.17229
375  -7.45839
376  -8.0594
377  -8.28066
378  -7.74698
379  -8.3047
380  -8.21008
381  -8.14977
382  -7.28972
383  -6.60217
384  -6.44658
385  -7.17132
386  -8.47992
387  -8.87961
388  -10.2312
389  -10.5319
390  -9.49147
391  -9.14402
392  -8.41568
393  -7.75152
394  -7.31286
395  -7.39585
396  -7.50296
397  -7.24932
398  -6.49962
399  -6.2633
400  -7.18223
401  -6.66155
402  -6.94952
403  -8.16832
404  -10.0112
405  -11.4096
406  -12.8222
407  -14.1186
408  -14.2556
409  -14.2128
410  -13.237
411  -12.0142
412  -11.1181
413  -10.4714
414  -10.4188
415  -9.12543
416  -9.49403
417  -9.85423
418  -10.5361
419  -11.7105
420  -13.2569
421  -13.6389
422  -14.0171
423  -13.3529
424  -13.4913
425  -13.4152
426  -13.0072
427  -12.1855
428  -10.9871
429  -10.3054
430  -9.93617
431  -10.1778
432  -9.73169
433  -10.2589
434  -10.7382
435  -10.8057
436  -10.5037
437  -11.2131
438  -11.2422
439  -11.5312
440  -11.5412
441  -11.1733
442  -10.2029
443  -9.59296
444  -11.1388
445  -13.599
446  -16.0165
447  -19.4181
448  -21.9183
449  -23.6142
450  -23.7815
451  -22.8963
452  -20.5008
453  -17.2253
454  -13.292
455  -9.6365
456  -5.32243
457  -2.15245
458  0.468616
459  3.20999
460  5.32389
461  7.47014
462  7.98263
463  9.12046
464  10.2952
465  10.9898
466  11.175
467  10.4702
468  10.4153
469  11.0715
470  10.6715
471  10.6811
472  10.1291
473  10.4783
474  10.6662
475  9.95262
476  9.71916
477  9.673
478  9.72106
479  9.13066
480  9.11895
481  8.96617
482  8.33957
483  8.09994
484  7.26137
485  7.74888
486  7.68842
487  7.21501
488  6.66529
489  5.53092
490  5.95789
491  6.04463
492  5.93598
493  6.04484
494  5.2124
495  5.05453
496  4.83771
497  4.78744
498  5.4905
499  4.82363
500  5.06369
501  4.68558
502  4.76094
503  4.39775
504  5.14275
505  4.72649
506  3.95125
507  4.13784
508  4.36578
509  3.5242
510  3.99964
511  3.89924
512  4.40766
513  3.61191
514  3.44454
515  3.4713
516  3.87584
517  3.81027
518  3.78994
519  4.02735
520  3.92966
521  3.83002
522  3.55855
523  2.88451
524  3.59664
525  3.4298
526  3.65357
527  2.79787
528  2.49914
529  2.81759
530  2.8738
531  2.38886
532  3.07095
533  3.1444
534  2.61637
535  2.64944
536  3.00575
537  3.45439
538  3.02905
539  3.0501
540  2.81702
541  2.99214
542  2.93799
543  3.17518
544  3.26513
545  2.90678
546  3.15565
547  3.24814
548  2.82734
549  2.63801
550  2.95562
551  2.88854
552  2.12322
553  2.33171
554  2.78879
555  2.58706
556  2.35575
557  2.10718
558  1.98095
559  2.50549
560  2.17409
561  1.51168
562  2.4868
563  2.27307
564  2.33231
565  1.88131
566  2.57712
567  1.8588
568  2.40006
569  1.30927
570  1.67387
571  1.59362
572  1.79646
573  1.85907
574  1.92853
575  2.12429
576  2.07097
577  1.67391
578  1.58663
579  1.7479
580  1.91566
581  2.0086
582  2.13693
583  1.75871
584  1.6048
585  1.51275
586  1.69356
587  1.46053
588  1.64275
589  2.39151
590  2.04208
591  1.60984
592  1.56881
593  1.24268
594  1.52239
595  2.11461
596  1.23361
597  1.92553
598  1.617
599  1.44676
