0  0.174106
1  0.212658
2  0.372241
3  -0.145806
4  -0.411556
5  -0.514309
6  -0.0920503
7  -0.0746914
8  0.549471
9  0.225722
10  0.822064
11  0.465613
12  -0.632975
13  0.459074
14  0.390389
15  -0.377915
16  -0.2022
17  0.179526
18  -0.291469
19  0.269652
20  -0.166484
21  -0.395025
22  0.220896
23  0.221088
24  0.202375
25  0.592987
26  -0.290166
27  -0.142547
28  -0.0990622
29  -0.265777
30  -0.131782
31  -0.549755
32  0.0679757
33  0.0974662
34  -0.573471
35  0.177531
36  -0.364679
37  0.197812
38  -0.296372
39  -0.126457
40  0.116854
41  0.211706
42  -0.309091
43  -0.172838
44  0.317912
45  -0.315558
46  0.196477
47  -0.0732873
48  -0.315214
49  -0.0801743
50  0.130518
51  -0.0151837
52  -0.602982
53  -0.298095
54  0.101051
55  0.23286
56  0.57438
57  -0.0299698
58  0.0741719
59  -0.206338
60  0.0830683
61  -0.479772
62  0.207838
63  0.362199
64  0.202873
65  -0.186456
66  -0.479562
67  0.0870299
68  -0.0485534
69  -0.223846
70  0.450522
71  0.225136
72  -0.0246577
73  0.144851
74  -0.0160351
75  0.441865
76  -0.438874
77  0.201734
78  -0.298735
79  -0.102133
80  -0.454734
81  -0.023886
82  -0.141358
83  -0.068556
84  -0.16535
85  0.219439
86  0.139529
87  0.226342
88  0.208117
89  -0.406915
90  0.424503
91  0.144751
92  -0.360994
93  -0.362297
94  0.314854
95  -0.141471
96  0.157763
97  -0.382158
98  -0.445725
99  -0.208667
100  0.129758
101  -0.601307
102  -0.10137
103  -0.0547062
104  -0.0291788
105  0.161981
106  0.162642
107  0.298187
108  0.342149
109  0.469258
110  -0.585546
111  -0.0770806
112  0.271751
113  0.41495
114  0.145218
115  0.173414
116  0.401309
117  -0.336333
118  0.463835
119  -0.412102
120  -0.403946
121  0.128774
122  -0.361849
123  -0.435148
124  -0.0793108
125  0.546601
126  0.027048
127  0.341524
128  0.760275
129  -0.534652
130  -0.182189
131  -0.684824
132  -0.0330811
133  -0.0823659
134  0.296036
135  -0.256492
136  -0.421834
137  -0.426649
138  -0.820512
139  0.303068
140  -0.108764
141  0.297149
142  0.179664
143  0.0494369
144  0.180577
145  0.0690137
146  -0.29534
147  -0.132619
148  -0.121737
149  -0.370261
150  -0.240206
151  0.192528
152  -0.407309
153  -0.54917
154  0.240793
155  0.127192
156  -0.64476
157  -0.160805
158  -0.178464
159  -0.0258065
160  -0.185694
161  -0.289116
162  0.103942
163  -0.201919
164  -0.346663
165  0.144975
166  -0.485062
167  -0.0953408
168  -0.246671
169  0.262599
170  0.13105
171  -0.149081
172  -0.0196457
173  -0.015139
174  -0.185981
175  0.00529863
176  0.406589
177  0.185612
178  -0.00540917
179  -0.478737
180  -0.48265
181  0.332437
182  0.0985117
183  -0.00678751
184  -0.571613
185  -0.502994
186  0.389088
187  -0.17643
188  0.00810708
189  0.18711
190  0.224521
191  -0.355783
192  0.160275
193  0.406942
194  -0.391966
195  0.391024
196  -1.48429
197  -22.9139
198  -143.087
199  -481.262
200  -1077.79
201  -1826.81
202  -2556.43
203  -3123.12
204  -3454.65
205  -3551.48
206  -3455.54
207  -3220.95
208  -2903.6
209  -2551.87
210  -2199.49
211  -1868.91
212  -1572.44
213  -1317.76
214  -1102.86
215  -923.984
216  -778.272
217  -658.018
218  -561.188
219  -480.797
220  -416.894
221  -366.466
222  -325.468
223  -292.551
224  -265.102
225  -238.013
226  -211.568
227  -186.504
228  -163.266
229  -142.794
230  -125.92
231  -113.448
232  -102.879
233  -95.6123
234  -89.8531
235  -85.5948
236  -82.56
237  -80.8979
238  -80.6093
239  -78.9951
240  -77.9086
241  -77.0259
242  -75.8716
243  -75.2105
244  -73.7286
245  -74.8963
246  -74.3197
247  -74.5631
248  -74.5943
249  -73.4685
250  -71.8884
251  -71.2424
252  -69.9511
253  -68.8612
254  -68.9321
255  -67.8035
256  -67.4276
257  -66.5316
258  -66.179
259  -64.9972
260  -63.6523
261  -62.8598
262  -62.0068
263  -61.8361
264  -58.7103
265  -56.444
266  -53.9426
267  -51.7458
268  -49.4383
269  -47.9946
270  -47.1073
271  -44.5518
272  -43.9499
273  -41.1398
274  -40.2825
275  -38.421
276  -37.299
277  -35.4684
278  -33.3905
279  -31.8253
280  -30.004
281  -28.5007
282  -27.3723
283  -26.8481
284  -25.8019
285  -24.0001
286  -22.4885
287  -19.653
288  -16.8277
289  -15.8657
290  -14.127
291  -12.2707
292  -11.6649
293  -10.8874
294  -10.6399
295  -9.95816
296  -10.4655
297  -9.93294
298  -10.1591
299  -10.5329
300  -10.1615
301  -10.435
302  -11.102
303  -11.1165
304  -11.4049
305  -12.485
306  -11.8566
307  -12.0619
308  -12.1164
309  -12.3797
310  -13.074
311  -12.7133
312  -13.4916
313  -13.0444
314  -13.7245
315  -13.6674
316  -12.8104
317  -12.4244
318  -13.0592
319  -12.2756
320  -11.8374
321  -11.0144
322  -11.0243
323  -11.2391
324  -10.276
325  -9.90057
326  -10.1646
327  -10.4276
328  -9.99673
329  -10.1136
330  -9.43036
331  -9.44418
332  -9.59125
333  -9.19326
334  -9.10867
335  -9.597
336  -9.30974
337  -9.65499
338  -9.87151
339  -9.53528
340  -9.61159
341  -9.56361
342  -8.99226
343  -8.23673
344  -8.01895
345  -7.76797
346  -7.59702
347  -6.50834
348  -5.51002
349  -5.31133
350  -4.85373
351  -4.70333
352  -3.89339
353  -4.5566
354  -4.98112
355  -5.12636
356  -5.61743
357  -6.17838
358  -6.02541
359  -5.21563
360  -5.81906
361  -5.51095
362  -5.55599
363  -5.90037
364  -5.66234
365  -5.49763
366  -4.68921
367  -3.6385
368  -3.67269
369  -4.07737
370  -4.31357
371  -4.95705
372  -5.66366
373  -5.8097
374  -6.57992
375  -6.38569
376  -7.22606
377  -7.5612
378  -8.08539
379  -8.00147
380  -8.65703
381  -9.03159
382  -9.14461
383  -9.82829
384  -10.0778
385  -11.0807
386  -13.3911
387  -15.7479
388  -18.6762
389  -19.8589
390  -20.1407
391  -20.2096
392  -19.599
393  -18.5508
394  -17.5334
395  -17.238
396  -15.6752
397  -14.7311
398  -14.4548
399  -13.6917
400  -13.2783
401  -13.2048
402  -13.6188
403  -14.3767
404  -13.7881
405  -14.3759
406  -14.159
407  -14.3163
408  -14.9974
409  -15.1012
410  -15.8253
411  -15.4072
412  -15.1804
413  -16.2618
414  -15.9038
415  -14.7697
416  -13.8784
417  -13.8386
418  -12.9197
419  -13.3239
420  -13.1568
421  -12.7258
422  -12.8128
423  -13.118
424  -12.655
425  -12.4452
426  -13.3045
427  -12.7724
428  -13.0915
429  -13.0152
430  -13.2235
431  -12.9856
432  -11.9805
433  -11.7802
434  -11.8265
435  -10.8185
436  -10.6431
437  -10.2297
438  -10.0472
439  -10.459
440  -10.5797
441  -10.528
442  -10.2868
443  -11.7478
444  -13.4307
445  -16.1303
446  -18.7596
447  -20.0436
448  -19.9596
449  -18.6142
450  -16.4137
451  -12.2752
452  -8.00927
453  -4.2254
454  -0.371729
455  3.20147
456  6.60725
457  9.14942
458  11.0458
459  12.4385
460  13.3743
461  13.076
462  13.6991
463  13.5681
464  12.868
465  12.5926
466  12.8211
467  12.3896
468  11.8692
469  11.3164
470  11.1255
471  10.4898
472  9.80717
473  10.1395
474  9.35135
475  9.93447
476  8.80718
477  9.19385
478  8.17571
479  8.01464
480  7.18963
481  7.11923
482  7.26094
483  6.26607
484  5.62192
485  6.20058
486  5.62139
487  5.18363
488  5.40033
489  5.54468
490  5.567
491  5.74269
492  4.77047
493  4.51403
494  4.30993
495  4.27023
496  3.89392
497  4.91277
498  3.75683
499  4.24529
500  4.34882
501  4.21266
502  3.69595
503  4.04504
504  3.57555
505  4.1194
506  4.29032
507  3.64201
508  3.41269
509  3.45503
510  3.73782
511  3.38369
512  3.03811
513  3.2154
514  3.79261
515  3.54465
516  3.62431
517  3.30068
518  3.01575
519  3.03296
520  3.23042
521  3.17918
522  3.20315
523  2.67675
524  3.12073
525  3.20226
526  2.81889
527  2.84472
528  2.63669
529  2.16576
530  2.17434
531  2.64609
532  2.41727
533  2.52851
534  1.70686
535  2.2264
536  2.33331
537  2.44404
538  2.83598
539  2.87916
540  1.83717
541  2.95587
542  2.39986
543  2.37021
544  2.49125
545  2.09792
546  2.47777
547  2.46664
548  2.10694
549  2.58659
550  2.24492
551  1.68996
552  1.83928
553  1.85341
554  1.3229
555  1.46779
556  1.26127
557  1.02569
558  1.65774
559  2.09501
560  1.70622
561  1.52614
562  1.68876
563  1.71842
564  1.99801
565  2.26917
566  1.30319
567  1.22259
568  0.866705
569  1.46659
570  1.95229
571  1.17555
572  1.3462
573  1.7541
574  1.9156
575  1.41326
576  1.36981
577  0.881066
578  1.33998
579  1.67238
580  1.24941
581  1.47354
582  1.30823
583  0.834276
584  1.2069
585  0.612172
586  1.11567
587  1.047
588  1.06587
589  0.72365
590  0.98503
591  0.956054
592  1.31894
593  1.46601
594  1.64734
595  1.48897
596  1.28528
597  1.20269
598  1.31316
599  0.733038
