0  -0.0143839
1  -0.443934
2  -0.0976503
3  0.226054
4  -0.212518
5  -0.33357
6  0.206192
7  0.0574521
8  0.429961
9  0.333695
10  0.312114
11  -0.202859
12  0.406388
13  0.291321
14  0.154354
15  -0.252346
16  -0.0176697
17  0.0957458
18  0.208854
19  0.0510328
20  0.326087
21  -0.345735
22  0.323721
23  -0.45678
24  0.433289
25  0.205037
26  0.0775773
27  0.252472
28  0.0212015
29  -0.198331
30  -0.113393
31  -0.646602
32  -0.406005
33  -0.169958
34  -0.604509
35  -0.553535
36  0.0650651
37  -0.295912
38  -0.738756
39  0.387344
40  0.445069
41  -0.330336
42  0.417525
43  0.449504
44  0.375468
45  0.162405
46  0.157404
47  0.02176
48  -0.00244975
49  -0.494176
50  -0.151009
51  -0.190792
52  -0.167739
53  -0.0610421
54  0.314451
55  -0.228054
56  -0.170633
57  0.229642
58  0.145546
59  -0.125518
60  0.339418
61  0.349951
62  0.172839
63  0.124417
64  0.356456
65  0.545108
66  0.0650875
67  -0.375759
68  0.926993
69  0.0333546
70  0.391972
71  1.04868
72  -0.53421
73  0.135422
74  -0.0444313
75  -1.02368
76  -0.534831
77  -0.522787
78  -0.582347
79  -0.0584097
80  0.137108
81  -0.372758
82  -0.111161
83  -0.336911
84  0.0674539
85  -0.0619999
86  -0.0384273
87  -0.800591
88  -0.0298788
89  -0.371646
90  0.252942
91  0.399351
92  0.237394
93  0.264462
94  0.0648772
95  -0.639072
96  0.0114727
97  -0.456306
98  -0.257964
99  0.0743652
100  -0.707216
101  0.422558
102  -0.386367
103  0.193275
104  0.0075984
105  -0.268369
106  -0.597897
107  -0.0590944
108  0.00519319
109  0.379885
110  0.315516
111  0.235067
112  -0.301474
113  -0.032194
114  -0.189046
115  0.684745
116  -0.0179778
117  -0.0463844
118  0.141419
119  0.465419
120  0.283766
121  0.538293
122  -0.156662
123  -0.322464
124  -0.322253
125  -0.250525
126  0.200212
127  0.271802
128  -0.234931
129  -0.337229
130  0.198732
131  0.00414557
132  -0.284965
133  0.270989
134  -0.0549409
135  0.0535519
136  -0.0499085
137  0.528268
138  0.254582
139  0.475216
140  -0.199257
141  -0.131513
142  -0.358167
143  0.00339359
144  0.00320371
145  -0.293135
146  -0.0954525
147  -0.537218
148  -0.390709
149  -0.215958
150  0.159175
151  0.698687
152  0.318716
153  -0.238993
154  -0.139695
155  0.219342
156  -0.0374181
157  -0.0312787
158  -0.255855
159  -0.198787
160  0.132115
161  -0.111443
162  -0.116475
163  -0.273844
164  0.0491676
165  -0.320459
166  -0.551598
167  0.569743
168  0.749461
169  0.374903
170  0.383586
171  -0.0820438
172  -0.63586
173  -0.127138
174  0.542094
175  -0.0976611
176  -0.326227
177  -0.522424
178  -0.46821
179  -0.4039
180  0.385989
181  -0.229194
182  0.0396186
183  -0.375264
184  -0.757835
185  -0.162299
186  -0.230813
187  0.38339
188  1.03625
189  0.767318
190  0.210706
191  0.66086
192  -0.417284
193  -0.540487
194  0.395685
195  0.329483
196  -0.993774
197  -21.611
198  -137.281
199  -475.22
200  -1074.14
201  -1826.47
202  -2557
203  -3125.79
204  -3449.68
205  -3530.66
206  -3418.62
207  -3167.34
208  -2834.71
209  -2469.05
210  -2108.51
211  -1774.44
212  -1480.3
213  -1228.91
214  -1018.97
215  -846.202
216  -706.697
217  -595.614
218  -506.902
219  -435.017
220  -377.134
221  -332.013
222  -297.422
223  -268.751
224  -243.769
225  -220.326
226  -195.044
227  -169.707
228  -146.62
229  -125.499
230  -107.982
231  -93.489
232  -81.9461
233  -73.671
234  -68.0721
235  -63.8138
236  -62.8914
237  -63.3483
238  -63.4402
239  -65.1308
240  -66.6819
241  -67.3245
242  -67.1179
243  -68.3176
244  -68.4359
245  -68.7348
246  -68.8678
247  -67.9774
248  -67.0412
249  -66.0139
250  -64.4269
251  -63.7178
252  -63.7117
253  -62.971
254  -62.4108
255  -62.0558
256  -60.9285
257  -59.354
258  -58.1525
259  -56.6022
260  -53.794
261  -51.639
262  -48.9202
263  -46.1222
264  -44.0756
265  -42.9637
266  -42.0686
267  -41.5826
268  -41.5592
269  -41.9572
270  -41.2424
271  -41.7523
272  -41.5468
273  -41.2711
274  -40.8855
275  -40.3564
276  -38.859
277  -37.387
278  -34.9397
279  -33.176
280  -31.0025
281  -30.0542
282  -30.5871
283  -31.702
284  -34.1963
285  -36.1637
286  -36.7845
287  -37.1907
288  -36.3456
289  -34.7359
290  -32.574
291  -29.923
292  -27.784
293  -25.5894
294  -23.619
295  -22.3321
296  -20.9807
297  -18.995
298  -18.0932
299  -16.9213
300  -16.8336
301  -15.5791
302  -15.1053
303  -14.62
304  -14.6305
305  -13.8321
306  -13.6906
307  -13.227
308  -13.0249
309  -13.2875
310  -12.1838
311  -12.0052
312  -11.3547
313  -10.7684
314  -10.6231
315  -10.0254
316  -9.74
317  -10.1898
318  -10.7541
319  -10.7279
320  -9.84227
321  -10.1634
322  -9.66688
323  -9.85378
324  -9.99173
325  -9.7756
326  -9.46218
327  -9.85871
328  -9.41137
329  -9.74142
330  -9.64601
331  -9.97208
332  -9.68486
333  -10.0976
334  -9.83317
335  -8.93139
336  -8.56738
337  -7.99931
338  -8.04095
339  -7.3237
340  -6.6177
341  -6.05225
342  -6.36184
343  -6.48687
344  -5.94733
345  -6.18568
346  -6.32796
347  -6.29385
348  -5.5743
349  -5.44405
350  -4.58686
351  -4.807
352  -4.04081
353  -3.74287
354  -4.04595
355  -4.95033
356  -5.93703
357  -6.50289
358  -7.18222
359  -8.19396
360  -8.32701
361  -8.59671
362  -9.04981
363  -8.5923
364  -8.70147
365  -7.791
366  -7.23235
367  -7.34705
368  -5.74036
369  -5.72636
370  -5.84146
371  -5.19945
372  -5.52292
373  -5.85365
374  -5.06156
375  -5.09958
376  -5.93944
377  -6.5705
378  -6.05909
379  -5.60718
380  -5.32514
381  -5.57443
382  -5.10056
383  -5.13005
384  -4.04521
385  -3.39395
386  -1.60743
387  0.359401
388  3.09063
389  4.68271
390  5.57498
391  6.24948
392  6.43291
393  5.16515
394  3.25971
395  2.48088
396  0.803828
397  -1.81298
398  -4.30864
399  -6.27634
400  -7.89342
401  -9.24623
402  -10.0341
403  -10.9934
404  -11.1086
405  -11.6251
406  -11.1214
407  -11.6867
408  -11.7087
409  -11.7863
410  -12.3692
411  -12.3875
412  -13.0716
413  -12.7898
414  -13.4062
415  -13.0983
416  -14.0148
417  -14.1297
418  -14.0913
419  -15.332
420  -15.0548
421  -15.3433
422  -14.3054
423  -13.5215
424  -13.1144
425  -12.2768
426  -11.0643
427  -10.4542
428  -10.0043
429  -9.66252
430  -9.56587
431  -9.67966
432  -9.18366
433  -9.24792
434  -8.92363
435  -8.60312
436  -8.80592
437  -8.83461
438  -8.84518
439  -8.81541
440  -9.82146
441  -11.4031
442  -13.5297
443  -17.7049
444  -20.5633
445  -22.0871
446  -22.2598
447  -20.0168
448  -16.5581
449  -11.7902
450  -7.08978
451  -2.16977
452  3.19472
453  6.89482
454  10.2235
455  11.9962
456  13.9178
457  15.1579
458  15.7462
459  15.8317
460  15.3702
461  15.2558
462  15.1451
463  14.3118
464  14.1768
465  13.3946
466  12.7824
467  11.856
468  11.4965
469  11.5002
470  11.317
471  10.6703
472  10.1076
473  9.99126
474  9.65983
475  9.20364
476  9.20251
477  9.16075
478  8.63963
479  8.28887
480  7.85995
481  7.36408
482  7.49968
483  6.63743
484  6.06962
485  6.77198
486  5.471
487  5.53361
488  5.52117
489  5.3598
490  5.17874
491  4.60777
492  4.76818
493  4.2559
494  4.59343
495  4.23187
496  4.44535
497  3.89013
498  4.01888
499  4.04489
500  3.74505
501  4.13962
502  4.17988
503  4.03485
504  3.92849
505  4.08701
506  3.59732
507  3.98355
508  4.42629
509  3.61368
510  3.97658
511  3.59989
512  4.03094
513  3.64073
514  3.05083
515  3.11777
516  3.30532
517  3.05945
518  3.03797
519  3.5248
520  3.00874
521  3.28033
522  3.32814
523  3.39498
524  3.3451
525  3.34525
526  2.57029
527  2.91726
528  2.97481
529  2.9228
530  2.97913
531  2.95912
532  2.99969
533  2.78821
534  3.36692
535  3.04954
536  2.54165
537  2.72509
538  2.13564
539  2.33366
540  2.29812
541  2.33828
542  2.18759
543  2.35186
544  2.62264
545  2.30042
546  2.47825
547  2.67648
548  2.69486
549  2.70337
550  2.36189
551  2.23015
552  3.02969
553  2.24146
554  2.62861
555  2.25065
556  2.33877
557  2.5015
558  1.95939
559  1.75799
560  1.37366
561  1.69807
562  1.23423
563  2.24296
564  1.38838
565  1.86071
566  1.95933
567  2.0334
568  1.96658
569  1.81681
570  1.8975
571  1.79562
572  2.10628
573  1.69891
574  1.84996
575  1.60547
576  1.68914
577  0.739745
578  1.42037
579  1.04686
580  0.630959
581  1.51289
582  0.827842
583  1.2784
584  1.2719
585  1.89307
586  1.75975
587  1.27807
588  1.51049
589  1.70126
590  1.13622
591  0.910571
592  1.22751
593  0.491181
594  0.548607
595  0.821553
596  1.0157
597  0.894561
598  0.782853
599  1.04765
