0  -0.184483
1  0.393002
2  0.0152861
3  -0.863405
4  0.601107
5  0.385273
6  -0.754487
7  0.131911
8  -0.131441
9  0.172988
10  -0.406881
11  -0.101882
12  0.148206
13  -0.235573
14  -0.28833
15  0.106931
16  0.267378
17  0.15385
18  0.326941
19  -0.0161384
20  -0.718498
21  -0.0651021
22  0.0947558
23  -0.318414
24  0.287965
25  -0.209121
26  0.293662
27  -0.082326
28  -0.628753
29  0.141871
30  -0.535144
31  0.184633
32  -0.0354282
33  -0.425203
34  0.296302
35  0.532637
36  -0.373243
37  -0.204879
38  0.723818
39  0.087615
40  0.56831
41  0.108359
42  -0.175039
43  1.06393
44  -0.390152
45  0.430057
46  0.332155
47  -0.919717
48  -0.105553
49  -0.254502
50  -0.296534
51  0.0604331
52  0.180854
53  0.776111
54  -0.0495241
55  0.948845
56  -0.298826
57  0.755911
58  0.141672
59  -0.0807092
60  -0.543058
61  0.532858
62  0.278744
63  0.0282998
64  0.851169
65  -0.331235
66  -0.704637
67  0.731867
68  0.372252
69  -0.783472
70  -0.665014
71  -0.12208
72  -0.552154
73  -0.317478
74  0.121982
75  -0.00453554
76  0.262982
77  -0.528704
78  0.305037
79  0.342993
80  -0.243932
81  -0.0286745
82  -0.0750143
83  0.370175
84  -0.0603653
85  -0.501863
86  0.233464
87  -0.887158
88  -0.0832962
89  0.389692
90  -0.172601
91  0.813691
92  -0.0196234
93  0.530192
94  0.745662
95  0.32067
96  -0.103152
97  -0.351262
98  0.442465
99  -0.233424
100  -0.327583
101  -0.0882831
102  0.0906614
103  -0.375251
104  -0.306669
105  0.826925
106  0.173043
107  0.382708
108  0.492265
109  0.667637
110  -0.220409
111  -0.597291
112  -0.396512
113  0.1731
114  -0.00690007
115  -0.322669
116  0.122032
117  0.216102
118  0.450902
119  0.323189
120  0.377528
121  0.492425
122  -0.16841
123  -0.0481948
124  -0.566609
125  -0.198682
126  -0.38897
127  0.334503
128  -0.271152
129  -0.119175
130  0.0976448
131  -0.183937
132  0.248476
133  -0.565082
134  -0.748556
135  -0.191295
136  0.0132188
137  -0.404549
138  0.172772
139  0.457967
140  0.20793
141  0.230207
142  0.505269
143  0.132649
144  0.615592
145  -0.201407
146  0.701168
147  -0.0809916
148  -0.150736
149  0.629832
150  0.480102
151  1.21455
152  0.426492
153  0.0549853
154  0.39978
155  0.00875241
156  -0.442595
157  -0.304129
158  0.642197
159  0.304333
160  0.51475
161  0.618693
162  0.317479
163  -0.173254
164  0.243792
165  -0.120314
166  0.123256
167  -0.251188
168  -0.572407
169  -0.092762
170  0.55847
171  0.351397
172  -0.285476
173  -0.163318
174  -0.350221
175  0.274741
176  0.596589
177  -0.0657574
178  0.326992
179  -0.101172
180  -0.329004
181  -0.0865328
182  0.167982
183  0.000749211
184  0.238471
185  0.042872
186  0.0964774
187  0.27022
188  0.0588886
189  0.596017
190  0.245651
191  0.588335
192  -0.674243
193  -0.282563
194  0.040074
195  0.570728
196  -2.14473
197  -22.4532
198  -147.828
199  -511.526
200  -1153.41
201  -1956.34
202  -2737.06
203  -3344.49
204  -3699.19
205  -3799.12
206  -3683.03
207  -3413.97
208  -3053.57
209  -2659.44
210  -2266.92
211  -1904.7
212  -1585.36
213  -1314.5
214  -1092.22
215  -908.628
216  -761.997
217  -644.296
218  -549.18
219  -471.807
220  -408.57
221  -358.057
222  -317.897
223  -285.09
224  -254.246
225  -223.053
226  -191.123
227  -160.382
228  -132.08
229  -106.789
230  -86.3287
231  -70.2391
232  -59.5682
233  -54.042
234  -49.5857
235  -49.3899
236  -51.0897
237  -54.4571
238  -58.2197
239  -62.0665
240  -65.1296
241  -67.6784
242  -70.2087
243  -70.8709
244  -71.7178
245  -70.9913
246  -69.2341
247  -66.4635
248  -64.5078
249  -62.1494
250  -60.7894
251  -58.2227
252  -58.5932
253  -57.0147
254  -55.8332
255  -54.7993
256  -55.0257
257  -56.1104
258  -56.8262
259  -55.9547
260  -55.7682
261  -55.4724
262  -55.1215
263  -54.3394
264  -52.229
265  -52.1763
266  -50.5341
267  -48.2485
268  -46.8825
269  -44.635
270  -44.2595
271  -43.2665
272  -41.4952
273  -40.8508
274  -39.4465
275  -38.5329
276  -37.2473
277  -37.7461
278  -37.6358
279  -37.1454
280  -36.948
281  -36.7797
282  -37.2597
283  -40.7025
284  -43.9072
285  -47.7852
286  -50.9392
287  -52.3397
288  -51.0306
289  -49.6354
290  -47.688
291  -44.793
292  -41.7398
293  -38.0568
294  -35.6465
295  -31.8933
296  -28.8049
297  -26.8548
298  -24.9493
299  -22.3524
300  -21.4152
301  -19.1715
302  -17.9866
303  -17.8097
304  -16.5808
305  -16.4753
306  -16.0394
307  -15.1607
308  -15.3053
309  -15.5316
310  -15.2219
311  -14.8855
312  -13.5742
313  -12.6926
314  -13.1862
315  -12.1827
316  -12.6765
317  -11.8272
318  -11.2109
319  -11.4475
320  -11.0804
321  -10.471
322  -10.6855
323  -10.587
324  -10.4401
325  -11.8528
326  -11.0029
327  -10.9395
328  -11.7775
329  -10.8659
330  -11.1899
331  -10.4305
332  -10.2528
333  -9.31215
334  -9.2022
335  -9.0765
336  -8.55041
337  -8.26031
338  -8.97506
339  -8.65978
340  -8.91174
341  -8.65598
342  -8.71329
343  -8.3839
344  -8.00046
345  -8.4835
346  -8.38629
347  -8.43008
348  -7.77732
349  -7.45907
350  -7.52387
351  -7.5648
352  -7.03715
353  -7.10155
354  -6.90429
355  -7.29719
356  -7.41568
357  -7.00063
358  -6.41502
359  -6.69583
360  -5.71676
361  -6.08748
362  -7.13439
363  -6.58744
364  -7.16451
365  -7.64514
366  -8.19972
367  -8.28386
368  -7.35243
369  -7.34124
370  -6.71874
371  -7.12744
372  -6.67963
373  -6.19838
374  -6.23067
375  -6.13485
376  -6.16728
377  -5.97347
378  -5.79636
379  -6.50284
380  -6.424
381  -6.29192
382  -5.01007
383  -5.01532
384  -4.47645
385  -3.93
386  -3.69154
387  -3.71985
388  -1.59996
389  -0.00304013
390  1.5266
391  4.28862
392  6.96567
393  9.27042
394  10.7342
395  10.5054
396  10.5966
397  8.95905
398  7.84338
399  6.17426
400  3.95356
401  1.5942
402  0.266627
403  -1.02657
404  -2.24983
405  -4.0043
406  -5.09025
407  -5.38
408  -6.23694
409  -6.85614
410  -8.0194
411  -8.34389
412  -9.13117
413  -8.96979
414  -9.42306
415  -9.00937
416  -10.1661
417  -9.41592
418  -9.97697
419  -10.4611
420  -10.682
421  -10.3127
422  -11.2048
423  -10.603
424  -10.5353
425  -9.81762
426  -9.90962
427  -8.37218
428  -8.70999
429  -10.6258
430  -11.1117
431  -13.3551
432  -14.2269
433  -14.3903
434  -14.6846
435  -13.5946
436  -13.5457
437  -12.7357
438  -12.6358
439  -12.9329
440  -14.7295
441  -16.4866
442  -18.5191
443  -20.0602
444  -20.5952
445  -22.4512
446  -25.4507
447  -28.9686
448  -32.9132
449  -36.2357
450  -38.2447
451  -38.5367
452  -36.4575
453  -32.4401
454  -26.7171
455  -20.0036
456  -14.2655
457  -7.42229
458  -2.41969
459  2.22388
460  6.05795
461  8.86849
462  10.8825
463  11.8429
464  12.5472
465  13.5852
466  13.1037
467  12.9121
468  12.7252
469  12.4827
470  12.2114
471  12.0799
472  12.0452
473  12.3325
474  11.6615
475  11.0068
476  11.1079
477  11.47
478  10.9636
479  10.8745
480  9.97597
481  8.64981
482  7.65455
483  8.13221
484  8.66664
485  6.81435
486  6.59789
487  7.08453
488  6.16365
489  5.50563
490  5.59538
491  5.91727
492  5.60273
493  4.53966
494  4.51413
495  4.5074
496  4.91939
497  5.18206
498  4.30933
499  4.44083
500  4.40259
501  3.84653
502  4.3214
503  4.16376
504  3.55837
505  3.7563
506  3.64365
507  2.6233
508  3.218
509  3.52454
510  3.14716
511  4.11417
512  2.85737
513  2.84089
514  3.17224
515  3.40763
516  3.28578
517  3.36032
518  3.77874
519  3.59498
520  2.89415
521  3.17494
522  3.73312
523  2.78357
524  3.60374
525  3.31048
526  2.94304
527  2.89514
528  3.49094
529  3.61714
530  2.17497
531  3.30515
532  2.65114
533  3.32598
534  2.61168
535  2.19915
536  2.16292
537  2.52462
538  1.96277
539  2.98013
540  3.32267
541  2.47868
542  3.00103
543  2.92419
544  3.85112
545  3.6001
546  2.4071
547  2.56119
548  2.83959
549  2.98836
550  2.08301
551  2.57658
552  2.018
553  2.2079
554  2.93138
555  3.13633
556  2.81946
557  2.75609
558  3.80884
559  2.72596
560  2.46443
561  2.93641
562  2.25906
563  3.33341
564  3.006
565  2.49814
566  2.72456
567  2.71275
568  3.00812
569  2.77174
570  1.5188
571  2.27531
572  2.86139
573  2.28692
574  2.6633
575  2.52135
576  2.02685
577  2.16573
578  2.50427
579  2.55639
580  1.42831
581  2.40723
582  1.70037
583  2.23483
584  1.11505
585  1.30595
586  1.49181
587  1.68932
588  1.85644
589  1.81814
590  1.83715
591  2.28266
592  1.64642
593  0.383774
594  1.67731
595  1.81361
596  1.38187
597  1.73594
598  1.50095
599  1.13384
