0  -0.491849
1  0.348209
2  0.086988
3  -0.173397
4  -0.0167241
5  0.0593196
6  0.187923
7  -0.0757461
8  0.225878
9  0.0616104
10  0.446666
11  1.32144
12  0.0696204
13  -0.129745
14  -0.495256
15  0.312615
16  0.575278
17  -0.113074
18  0.13234
19  -0.373688
20  -0.0785068
21  0.152565
22  -0.475016
23  0.307268
24  0.00799238
25  -0.395489
26  0.396808
27  0.147373
28  -0.16436
29  0.256056
30  -0.401598
31  -0.394167
32  -0.381624
33  -0.0590646
34  -0.16836
35  0.391957
36  0.941617
37  -0.248462
38  -0.186951
39  -0.564443
40  -0.632569
41  -0.234057
42  0.142407
43  0.859075
44  0.112212
45  -0.234487
46  -0.872068
47  0.151821
48  0.0250242
49  -0.61792
50  -0.259145
51  -0.406217
52  -0.100077
53  0.630385
54  -0.30254
55  -0.307519
56  0.091267
57  -0.103109
58  0.11644
59  -0.376136
60  0.0959467
61  -0.85987
62  -0.700592
63  0.0476768
64  -0.710992
65  -0.534094
66  -0.338765
67  -0.388953
68  -0.162224
69  0.548375
70  -0.489529
71  -0.138452
72  0.0688014
73  0.462926
74  0.529449
75  -0.606921
76  -0.419453
77  -0.0486185
78  -0.0202152
79  -0.0451605
80  -0.018624
81  0.121047
82  0.231053
83  -0.683973
84  -1.14085
85  -0.0845308
86  0.400842
87  0.514361
88  -0.132476
89  -0.433537
90  -0.585335
91  0.141659
92  0.270089
93  0.198523
94  -0.0308488
95  -0.0902552
96  0.479626
97  0.229207
98  0.600206
99  0.806941
100  0.156405
101  0.495211
102  -0.713421
103  0.237593
104  0.0694364
105  0.236267
106  0.181238
107  -0.0102204
108  -0.439501
109  -0.118035
110  1.0303
111  0.149632
112  -0.576912
113  0.874745
114  -0.243968
115  -0.272661
116  -0.456868
117  -0.21053
118  0.425128
119  0.150839
120  0.382104
121  -0.36035
122  0.166874
123  0.539143
124  0.0859362
125  -0.138777
126  -0.747156
127  0.372512
128  0.117671
129  0.575683
130  0.139119
131  0.270538
132  0.441718
133  -0.325854
134  -0.521284
135  -0.371077
136  0.236978
137  -0.308709
138  0.399694
139  0.0119761
140  -0.0828708
141  0.162719
142  0.625971
143  0.137331
144  -0.102746
145  0.146034
146  0.0210124
147  -0.0810096
148  -0.384762
149  -0.267491
150  -0.392067
151  0.14793
152  0.701087
153  -0.0653046
154  -0.273499
155  -0.390387
156  -0.472223
157  -0.102096
158  -0.731272
159  -0.0313771
160  0.164153
161  -0.26128
162  -0.241749
163  -0.323077
164  -0.626863
165  -0.230579
166  0.309407
167  0.246979
168  0.0921925
169  0.0525618
170  -0.0961908
171  0.165895
172  0.100412
173  -0.292016
174  0.529175
175  0.259767
176  -0.43215
177  0.503245
178  0.0586654
179  -0.0655528
180  0.132621
181  0.371776
182  0.530592
183  1.12785
184  0.474413
185  0.0642688
186  0.150561
187  0.447006
188  0.209875
189  0.124309
190  0.0103908
191  -0.27311
192  0.457336
193  -0.921635
194  -0.916593
195  0.652206
196  -1.16302
197  -17.4705
198  -125.979
199  -464.416
200  -1090.99
201  -1879.41
202  -2625.61
203  -3181.9
204  -3493.98
205  -3571.42
206  -3470.49
207  -3256.07
208  -2975.72
209  -2664.56
210  -2346.45
211  -2036.51
212  -1745.87
213  -1482.51
214  -1248.52
215  -1044.27
216  -872.858
217  -729.012
218  -610.144
219  -516.437
220  -443.016
221  -384.955
222  -338.47
223  -300.785
224  -267.836
225  -236.186
226  -209.725
227  -187.314
228  -167.664
229  -152.094
230  -141.477
231  -135.911
232  -130.821
233  -128.329
234  -124.779
235  -119.465
236  -112.379
237  -105.413
238  -98.5818
239  -92.6561
240  -87.6929
241  -86.1172
242  -85.8886
243  -86.5374
244  -87.909
245  -86.4923
246  -84.8024
247  -81.2948
248  -76.0163
249  -70.6034
250  -65.4983
251  -62.9388
252  -61.103
253  -62.5753
254  -64.6779
255  -67.4201
256  -69.2499
257  -69.9031
258  -68.4663
259  -65.2765
260  -60.6954
261  -55.7353
262  -50.9425
263  -47.8013
264  -46.1635
265  -46.0691
266  -47.7173
267  -49.3918
268  -49.9938
269  -48.8931
270  -46.1415
271  -41.8828
272  -37.3545
273  -33.4574
274  -30.7122
275  -29.123
276  -28.8856
277  -29.4287
278  -30.7662
279  -30.0106
280  -28.7401
281  -27.0944
282  -23.8436
283  -20.4818
284  -18.9573
285  -17.8968
286  -18.0537
287  -18.192
288  -19.7989
289  -19.9054
290  -20.7233
291  -20.6084
292  -19.5175
293  -16.5597
294  -14.8818
295  -13.9479
296  -12.8526
297  -12.7695
298  -13.8443
299  -14.5155
300  -14.9623
301  -15.6142
302  -14.4985
303  -14.7098
304  -13.1241
305  -11.8814
306  -10.0251
307  -8.90536
308  -9.32431
309  -9.95811
310  -11.0491
311  -12.6975
312  -14.5909
313  -13.4338
314  -13.8007
315  -13.314
316  -12.3903
317  -11.6658
318  -10.4084
319  -9.73585
320  -9.62742
321  -10.0235
322  -10.8045
323  -11.4149
324  -12.062
325  -12.0338
326  -10.7738
327  -9.7961
328  -9.36065
329  -8.0207
330  -7.46693
331  -7.92729
332  -9.21907
333  -9.46397
334  -10.336
335  -11.0027
336  -10.6525
337  -10.6321
338  -9.97545
339  -7.9471
340  -7.90149
341  -7.37817
342  -7.45706
343  -7.43645
344  -7.77306
345  -8.68345
346  -8.72774
347  -8.23841
348  -7.02932
349  -6.2004
350  -5.49607
351  -4.38297
352  -3.84643
353  -3.86411
354  -4.67694
355  -5.00149
356  -4.78535
357  -3.34974
358  -0.520605
359  4.97742
360  11.9004
361  19.2858
362  26.8791
363  31.3003
364  33.9388
365  34.6103
366  33.7377
367  31.0813
368  27.103
369  22.6482
370  16.6797
371  10.9185
372  5.14758
373  -1.48568
374  -6.41618
375  -11.3746
376  -14.3185
377  -18.3828
378  -19.9801
379  -21.267
380  -22.3033
381  -22.666
382  -22.8024
383  -22.3619
384  -22.582
385  -21.3516
386  -20.3725
387  -20.0553
388  -19.0963
389  -18.682
390  -18.0681
391  -17.0706
392  -16.5344
393  -15.2167
394  -14.4602
395  -13.4459
396  -14.1825
397  -14.8498
398  -16.2787
399  -16.4824
400  -16.3964
401  -15.404
402  -13.6447
403  -11.427
404  -10.0997
405  -8.99374
406  -6.80407
407  -6.04984
408  -4.87768
409  -2.53102
410  -0.145614
411  1.28709
412  2.61021
413  2.30731
414  1.51038
415  -2.90707
416  -10.742
417  -17.8476
418  -25.6133
419  -32.4852
420  -36.6856
421  -38.3673
422  -37.5213
423  -35.423
424  -30.9401
425  -25.2999
426  -20.6822
427  -15.2826
428  -9.97003
429  -6.15248
430  -2.48525
431  0.81943
432  2.86375
433  4.63024
434  5.94775
435  7.11869
436  8.43014
437  8.66219
438  9.29539
439  10.2189
440  10.1994
441  9.93169
442  9.57903
443  9.65186
444  8.81307
445  9.14633
446  8.83022
447  8.55804
448  8.9701
449  7.98505
450  8.13017
451  8.60644
452  8.7019
453  8.12318
454  7.41057
455  6.78113
456  6.55752
457  6.81923
458  6.83694
459  6.27093
460  6.72136
461  6.77199
462  6.24333
463  6.01454
464  6.00625
465  5.86797
466  5.76786
467  5.49281
468  4.73559
469  4.30605
470  4.56799
471  4.77982
472  4.16491
473  4.62017
474  4.90214
475  4.35771
476  4.15382
477  4.47138
478  4.75295
479  4.59364
480  4.42583
481  4.52293
482  5.08421
483  4.18514
484  3.46204
485  4.28595
486  3.21174
487  3.47709
488  3.73604
489  3.73636
490  3.51824
491  2.81345
492  3.47134
493  3.40592
494  3.91526
495  3.39958
496  3.02693
497  3.49216
498  3.78782
499  3.26043
500  3.03848
501  3.04464
502  3.06146
503  3.19555
504  3.49797
505  3.43992
506  3.36807
507  2.82531
508  2.7507
509  3.3121
510  3.44786
511  2.9488
512  2.14057
513  2.02597
514  2.42033
515  2.62066
516  2.53771
517  2.31634
518  2.45696
519  2.32207
520  1.991
521  1.62009
522  2.30372
523  2.29924
524  2.58402
525  2.03413
526  1.69253
527  3.19108
528  2.17955
529  2.31904
530  2.38126
531  1.92905
532  2.46418
533  2.02525
534  2.63397
535  2.38491
536  1.94664
537  2.3762
538  2.15777
539  2.39997
540  2.57008
541  2.53032
542  2.57397
543  2.29843
544  2.98344
545  1.95453
546  2.39823
547  2.90247
548  2.73956
549  2.21518
550  2.1596
551  1.77789
552  1.85893
553  1.98525
554  2.42955
555  1.58531
556  1.13835
557  2.04617
558  1.27696
559  1.55358
560  2.25364
561  2.12565
562  1.16185
563  1.64196
564  1.29788
565  1.8454
566  1.61169
567  1.73534
568  0.766609
569  1.47511
570  1.27789
571  2.04848
572  2.10288
573  1.38379
574  1.23064
575  1.97117
576  1.11049
577  1.35281
578  2.19606
579  1.96723
580  1.74926
581  2.14116
582  1.90134
583  1.82064
584  2.33629
585  1.54762
586  1.59925
587  1.15408
588  0.732308
589  0.927966
590  1.09592
591  -0.466844
592  0.147081
593  0.47866
594  -0.00170316
595  -0.198158
596  0.90758
597  0.318146
598  0.003155
599  0.322853
