0  0.0506529
1  -0.422748
2  0.317093
3  0.223372
4  0.325065
5  0.358505
6  0.0542697
7  -0.436252
8  -0.367112
9  0.319189
10  -0.196844
11  -0.44242
12  -0.658137
13  0.0426515
14  0.692104
15  0.480323
16  -0.409322
17  -0.292237
18  0.441331
19  -0.0664334
20  -0.200652
21  -0.361526
22  -0.313824
23  -0.486119
24  -0.290181
25  -0.0571968
26  -0.438944
27  -0.492268
28  0.122884
29  0.325266
30  -0.292817
31  -0.506636
32  -0.346283
33  0.101018
34  -0.247925
35  0.223798
36  -0.11445
37  -0.148272
38  0.028607
39  -0.449606
40  -0.122497
41  -0.12196
42  0.558295
43  0.323188
44  0.452416
45  -0.0829356
46  -0.386856
47  -0.06691
48  -0.016643
49  -0.0267653
50  -0.0996092
51  -0.249603
52  -0.00877993
53  0.301802
54  -0.00443852
55  -0.385719
56  -0.286609
57  -0.441988
58  0.276029
59  0.224118
60  -0.169118
61  -0.130683
62  -0.0852857
63  0.416723
64  0.41009
65  -0.16281
66  -0.284227
67  0.344044
68  -0.0616647
69  0.115346
70  -0.110321
71  -0.728677
72  -0.27937
73  0.282077
74  -0.0750764
75  -0.447735
76  0.265682
77  -0.0773018
78  0.061811
79  -0.369592
80  -0.0757317
81  0.4347
82  0.274203
83  -0.191387
84  0.33192
85  0.224861
86  -0.0890796
87  -0.167066
88  0.160468
89  0.0122142
90  -0.125472
91  0.333837
92  -0.3981
93  -0.301111
94  0.533241
95  0.283707
96  0.114849
97  -0.172283
98  -0.471074
99  0.0292251
100  0.281601
101  -0.203965
102  -0.138812
103  -0.0177905
104  0.330153
105  -0.0536638
106  0.115288
107  0.136857
108  0.0790504
109  -0.0667606
110  0.162518
111  0.225092
112  0.411359
113  0.0312304
114  0.153851
115  0.133948
116  0.340713
117  -0.729429
118  -0.0166058
119  -0.69075
120  0.447972
121  -0.144002
122  0.0808662
123  -0.117146
124  -0.720976
125  0.973263
126  -0.122049
127  0.583295
128  0.744911
129  -0.189598
130  0.0980511
131  0.339283
132  0.171178
133  0.356474
134  0.346521
135  0.167505
136  0.105396
137  0.0423578
138  0.54515
139  -0.484897
140  0.458916
141  0.496196
142  -0.382592
143  -0.599851
144  -0.147843
145  0.191895
146  0.0077357
147  0.362103
148  -0.519462
149  -0.388699
150  -0.61918
151  0.378171
152  0.820718
153  -0.308084
154  -0.131785
155  -0.494344
156  -0.273934
157  -0.157191
158  -0.208957
159  0.141373
160  0.386611
161  0.607417
162  -0.300524
163  0.0112012
164  -0.142094
165  -0.364504
166  0.131986
167  0.102117
168  -0.650435
169  -0.247039
170  0.347189
171  0.204777
172  -0.360541
173  0.255449
174  0.0744202
175  -0.197804
176  -0.0781234
177  0.359068
178  -0.2588
179  -0.259827
180  0.152704
181  0.436711
182  -0.0284866
183  -0.426354
184  0.124818
185  -0.204872
186  0.193618
187  0.279892
188  -0.186455
189  -0.183183
190  0.223853
191  0.415174
192  -0.228653
193  0.293942
194  -0.102464
195  0.034955
196  -1.57095
197  -22.4834
198  -144.179
199  -497.563
200  -1122.65
201  -1908.04
202  -2672.2
203  -3261.72
204  -3602.74
205  -3696.95
206  -3587.8
207  -3336.21
208  -2999.14
209  -2628.83
210  -2261.98
211  -1918.39
212  -1613.92
213  -1351.52
214  -1131.05
215  -948.578
216  -797.151
217  -673.058
218  -572.187
219  -489.118
220  -421.313
221  -368.047
222  -324.466
223  -290.344
224  -259.919
225  -230.013
226  -199.384
227  -168.934
228  -138.568
229  -112.219
230  -91.3955
231  -74.5661
232  -62.1447
233  -55.6484
234  -51.6117
235  -50.5914
236  -51.0027
237  -52.8982
238  -55.1439
239  -57.125
240  -58.7473
241  -60.4419
242  -62.503
243  -63.2733
244  -64.4144
245  -66.4335
246  -67.9183
247  -68.3347
248  -67.9221
249  -67.4692
250  -65.7151
251  -64.2913
252  -63.215
253  -61.9474
254  -60.8931
255  -59.5881
256  -59.9665
257  -59.6053
258  -59.1672
259  -59.3811
260  -59.0024
261  -58.3455
262  -57.266
263  -56.2143
264  -54.5893
265  -53.4175
266  -51.6011
267  -50.5696
268  -47.4955
269  -46.6323
270  -45.1945
271  -43.9337
272  -43.6213
273  -41.9569
274  -41.6937
275  -40.4166
276  -39.2892
277  -38.6586
278  -38.2309
279  -37.3831
280  -36.0382
281  -34.8529
282  -35.3733
283  -35.8832
284  -38.087
285  -39.2783
286  -40.0287
287  -39.1668
288  -37.1018
289  -35.3181
290  -31.9987
291  -28.994
292  -26.3798
293  -24.7775
294  -23.2652
295  -21.4184
296  -19.9962
297  -18.813
298  -18.8652
299  -17.7829
300  -17.129
301  -16.7721
302  -16.2183
303  -16.8912
304  -16.0228
305  -14.7849
306  -14.347
307  -14.2677
308  -13.4781
309  -13.7763
310  -13.6107
311  -13.1658
312  -12.4764
313  -11.3811
314  -11.22
315  -10.5983
316  -9.80998
317  -9.92306
318  -9.96678
319  -10.247
320  -9.46574
321  -9.79271
322  -10.2135
323  -9.47779
324  -9.55788
325  -9.44921
326  -9.74289
327  -9.51361
328  -10.1783
329  -10.5309
330  -12.1226
331  -11.897
332  -11.4562
333  -11.1364
334  -11.4024
335  -11.3245
336  -10.2286
337  -10.1035
338  -10.467
339  -10.0989
340  -9.46636
341  -9.47325
342  -9.41751
343  -9.09334
344  -8.92073
345  -8.23708
346  -8.88767
347  -8.16669
348  -8.52474
349  -8.03983
350  -8.33458
351  -7.24744
352  -7.29318
353  -7.71899
354  -7.53225
355  -7.60892
356  -7.60387
357  -8.05833
358  -8.25362
359  -8.97134
360  -8.83688
361  -9.0164
362  -9.2931
363  -9.76585
364  -9.95749
365  -9.60237
366  -9.11635
367  -9.45009
368  -8.64403
369  -8.86992
370  -9.33103
371  -8.46146
372  -8.45512
373  -8.56588
374  -8.95787
375  -9.05341
376  -8.62149
377  -8.71267
378  -7.93629
379  -8.71294
380  -8.79534
381  -8.43596
382  -9.38102
383  -9.81714
384  -9.37465
385  -10.6881
386  -12.2181
387  -16.1522
388  -19.2212
389  -21.634
390  -23.4993
391  -25.2073
392  -24.9444
393  -24.4573
394  -23.2806
395  -22.2678
396  -20.742
397  -19.6395
398  -18.3682
399  -17.5504
400  -16.4615
401  -16.7493
402  -17.553
403  -18.0319
404  -18.1275
405  -18.2397
406  -18.1956
407  -18.9153
408  -18.7459
409  -18.3607
410  -17.8207
411  -18.0967
412  -17.155
413  -16.6624
414  -15.9862
415  -15.4556
416  -15.5552
417  -14.7367
418  -14.497
419  -14.4372
420  -15.0935
421  -14.684
422  -15.3336
423  -14.8908
424  -14.142
425  -14.2375
426  -13.2347
427  -12.2174
428  -12.3141
429  -12.7036
430  -12.0846
431  -12.8293
432  -13.2983
433  -13.4183
434  -12.9602
435  -13.6635
436  -13.1714
437  -11.9751
438  -11.8762
439  -11.9812
440  -11.928
441  -12.2545
442  -13.1504
443  -13.9092
444  -14.7533
445  -17.2995
446  -21.1467
447  -25.0624
448  -28.0479
449  -29.3318
450  -28.8342
451  -27.0616
452  -22.531
453  -16.4509
454  -10.1253
455  -4.75867
456  0.970588
457  5.725
458  9.49398
459  11.6588
460  13.8446
461  16.0874
462  16.8919
463  15.6126
464  17.0303
465  15.811
466  15.4606
467  15.3612
468  14.5587
469  13.9821
470  13.1412
471  13.5978
472  12.7075
473  12.1975
474  11.7362
475  11.3028
476  11.357
477  11.5826
478  10.2301
479  9.73696
480  9.2495
481  8.38691
482  8.03199
483  7.68551
484  7.37885
485  7.06967
486  6.79018
487  5.98202
488  6.41001
489  5.91927
490  5.87786
491  5.35041
492  4.49656
493  4.94204
494  5.42311
495  4.99602
496  5.08159
497  4.92608
498  5.0168
499  5.20256
500  4.71739
501  4.18675
502  4.47987
503  4.69306
504  4.2566
505  3.87171
506  4.12398
507  4.65102
508  3.95403
509  3.93557
510  4.11268
511  4.05979
512  3.90559
513  3.98511
514  4.22511
515  4.30206
516  3.4115
517  3.60836
518  3.26082
519  3.50577
520  2.93676
521  3.04193
522  3.3855
523  2.95919
524  2.81274
525  3.11793
526  3.63682
527  2.75834
528  3.43032
529  2.68405
530  2.65028
531  2.77295
532  2.77245
533  3.04041
534  3.04332
535  2.62594
536  3.2069
537  2.86545
538  2.7289
539  3.00494
540  2.39981
541  2.83801
542  3.11396
543  2.78362
544  2.42104
545  2.92555
546  2.3301
547  2.74642
548  2.76037
549  2.45425
550  2.60638
551  2.49069
552  1.74367
553  2.5593
554  2.24906
555  2.06975
556  2.15916
557  1.89772
558  2.4576
559  1.79014
560  2.06275
561  1.78327
562  1.78557
563  1.8905
564  2.12259
565  2.1549
566  2.18728
567  1.65676
568  1.94219
569  1.53569
570  1.97599
571  1.56525
572  1.26431
573  1.93509
574  1.5885
575  1.28618
576  0.894828
577  1.15241
578  1.22021
579  1.50395
580  2.09447
581  2.30153
582  1.7276
583  1.86805
584  1.69145
585  1.55991
586  1.81033
587  1.28416
588  1.05619
589  1.03511
590  1.73161
591  0.974132
592  0.505013
593  0.736554
594  1.17799
595  1.29179
596  0.94367
597  1.2378
598  1.86018
599  1.53
