0  0.87264
1  -0.490427
2  0.791292
3  -0.542128
4  -0.71171
5  -0.249319
6  0.346204
7  0.568964
8  -0.85793
9  0.251983
10  -0.120984
11  -0.425082
12  -0.604426
13  0.141786
14  -0.318015
15  0.662112
16  0.046127
17  -0.203435
18  -0.769868
19  0.279834
20  0.121246
21  0.273108
22  -1.46101
23  -0.59751
24  0.301608
25  0.448829
26  0.155246
27  -0.426604
28  0.809452
29  -0.195808
30  -0.439586
31  -1.09364
32  0.135064
33  -0.741973
34  0.0915839
35  0.303373
36  -0.653595
37  0.535465
38  -1.06508
39  -0.504769
40  -0.702079
41  -0.650752
42  -0.316198
43  -0.767439
44  0.0737871
45  0.286936
46  0.479778
47  0.481029
48  -0.387117
49  -0.527544
50  0.300373
51  -0.605084
52  0.480854
53  -0.964777
54  0.306164
55  0.532751
56  -0.0296094
57  0.2199
58  1.05896
59  0.748546
60  0.369154
61  0.143087
62  1.08083
63  0.157456
64  1.04275
65  -0.275294
66  -0.228535
67  0.399467
68  0.580705
69  0.0253854
70  -0.364615
71  0.226456
72  0.412148
73  0.655657
74  0.0213988
75  0.309004
76  0.293458
77  0.0435034
78  0.713304
79  0.35259
80  -0.338644
81  0.593285
82  -0.334628
83  -0.557149
84  -0.63511
85  -0.256956
86  -0.0399214
87  0.488271
88  0.271197
89  0.0150918
90  -0.785331
91  -0.259799
92  -0.627034
93  0.971207
94  -0.0178088
95  -0.574719
96  -0.485758
97  -0.113929
98  -0.23067
99  -0.620598
100  -0.38181
101  0.482695
102  0.0509942
103  0.225201
104  0.522984
105  0.208528
106  0.144936
107  0.376651
108  -0.145393
109  0.357998
110  0.549846
111  0.630592
112  0.520582
113  0.556148
114  -0.439006
115  -0.34572
116  -0.780886
117  0.54942
118  -0.562031
119  -0.58183
120  0.853277
121  -0.46811
122  -0.10833
123  -0.739593
124  -0.118587
125  -0.0421287
126  -0.0707517
127  -0.410231
128  1.06939
129  0.448858
130  -0.216615
131  -0.0363522
132  0.0233451
133  0.556573
134  -0.102051
135  0.0238693
136  -0.175305
137  0.222592
138  -0.750807
139  0.264467
140  -0.0757586
141  0.189706
142  0.621368
143  0.486027
144  0.271169
145  -0.297011
146  -0.381716
147  -0.00197015
148  -0.360454
149  0.120163
150  0.187347
151  0.0125462
152  0.113355
153  0.287043
154  -0.237084
155  0.11516
156  -0.0220756
157  0.0413845
158  0.503438
159  -0.168278
160  0.814238
161  0.673536
162  0.312027
163  1.22878
164  0.342148
165  0.181284
166  -0.236089
167  0.363998
168  -0.161205
169  -0.608855
170  -0.62378
171  -0.0120486
172  0.305635
173  0.434351
174  -0.217926
175  0.654551
176  0.0859196
177  -0.395775
178  0.601787
179  -0.154981
180  0.670014
181  -0.252009
182  0.122587
183  0.403275
184  -0.255388
185  -0.0558914
186  -0.271246
187  0.30734
188  0.203684
189  0.693859
190  0.466455
191  0.785747
192  0.147657
193  0.127814
194  0.070841
195  0.181112
196  -0.636574
197  -22.4875
198  -147.83
199  -506.892
200  -1134.16
201  -1919.65
202  -2689.29
203  -3288.3
204  -3636.81
205  -3731.23
206  -3613.57
207  -3349.36
208  -3002.46
209  -2622.86
210  -2247.78
211  -1900.62
212  -1590.95
213  -1326.72
214  -1108.25
215  -927.254
216  -780.54
217  -660.757
218  -564.579
219  -485.556
220  -422.582
221  -372.198
222  -332.498
223  -299.482
224  -268.064
225  -237.656
226  -205.273
227  -174.024
228  -142.974
229  -116.85
230  -94.8875
231  -78.279
232  -65.5162
233  -58.8817
234  -54.146
235  -52.0327
236  -50.4152
237  -50.3591
238  -49.5436
239  -49.9911
240  -49.6758
241  -50.1192
242  -50.8773
243  -50.9307
244  -53.1887
245  -54.0034
246  -55.7977
247  -55.4958
248  -56.2423
249  -55.2819
250  -54.7214
251  -53.5641
252  -53.7112
253  -52.6397
254  -52.5566
255  -52.1825
256  -52.1727
257  -52.7278
258  -53.695
259  -55.0028
260  -54.3984
261  -53.0853
262  -51.7706
263  -49.1456
264  -47.9887
265  -45.5601
266  -42.4883
267  -41.0254
268  -40.3789
269  -40.2027
270  -39.3016
271  -38.8007
272  -39.6972
273  -38.195
274  -36.5825
275  -37.3484
276  -35.9866
277  -34.6808
278  -33.897
279  -32.2976
280  -31.4603
281  -31.8605
282  -34.4025
283  -39.1496
284  -42.1589
285  -46.674
286  -50.9831
287  -51.4693
288  -50.4491
289  -48.4475
290  -46.1037
291  -43.5476
292  -38.2286
293  -35.2087
294  -31.459
295  -27.9814
296  -24.3398
297  -21.1299
298  -19.2257
299  -19.0254
300  -16.6876
301  -16.386
302  -16.5283
303  -15.4699
304  -13.6202
305  -14.4645
306  -13.7934
307  -14.0676
308  -12.4062
309  -11.9651
310  -11.242
311  -10.753
312  -11.392
313  -9.77686
314  -9.76627
315  -9.52659
316  -8.87805
317  -9.23232
318  -9.90776
319  -9.97448
320  -10.5008
321  -10.016
322  -10.4354
323  -9.51474
324  -9.85796
325  -9.77316
326  -9.33795
327  -10.2986
328  -10.0331
329  -8.85666
330  -8.91374
331  -8.36353
332  -8.71545
333  -7.65446
334  -8.17997
335  -8.21733
336  -7.96634
337  -7.67005
338  -8.18891
339  -8.71654
340  -8.00574
341  -8.25711
342  -7.7521
343  -7.48635
344  -7.24831
345  -7.09987
346  -7.4982
347  -8.13588
348  -7.97055
349  -7.48922
350  -7.45291
351  -7.51214
352  -7.37642
353  -7.54904
354  -8.18786
355  -7.76237
356  -7.54077
357  -7.8225
358  -7.81988
359  -7.94104
360  -7.45965
361  -6.7076
362  -6.7194
363  -6.78907
364  -5.92211
365  -6.09971
366  -7.1114
367  -6.46394
368  -5.82403
369  -5.31963
370  -5.1009
371  -5.13133
372  -3.53738
373  -4.85627
374  -5.60276
375  -5.11444
376  -6.81063
377  -8.56123
378  -9.56179
379  -10.2359
380  -8.41603
381  -5.83354
382  -3.46241
383  -0.371073
384  1.4425
385  4.37779
386  4.62087
387  3.34706
388  3.29891
389  2.11052
390  -0.329243
391  -0.992047
392  -2.00674
393  -3.18983
394  -2.97917
395  -1.27311
396  -2.15781
397  -1.42644
398  -1.04574
399  -1.14599
400  -0.509157
401  -0.739485
402  -1.56234
403  -0.669287
404  -1.10398
405  -2.48023
406  -4.01401
407  -5.33418
408  -6.13802
409  -6.52319
410  -7.04418
411  -7.37301
412  -8.4577
413  -10.8654
414  -13.4186
415  -16.7585
416  -19.7018
417  -22.181
418  -23.5391
419  -26.585
420  -28.3863
421  -29.3899
422  -30.0414
423  -29.6686
424  -28.3401
425  -27.3297
426  -24.904
427  -23.2665
428  -20.3265
429  -18.6972
430  -16.027
431  -15.6323
432  -13.8966
433  -12.8122
434  -13.4888
435  -15.3111
436  -18.1919
437  -22.5568
438  -25.8346
439  -29.8258
440  -31.2035
441  -31.3982
442  -28.9076
443  -24.4985
444  -20.4174
445  -14.366
446  -8.73834
447  -3.80718
448  0.270759
449  4.34844
450  6.35275
451  8.29539
452  9.20199
453  10.8866
454  10.9925
455  11.6896
456  11.3709
457  11.0898
458  10.9699
459  11.8551
460  10.987
461  10.5747
462  10.849
463  10.4062
464  9.96699
465  10.2752
466  10.1522
467  10.5907
468  10.7588
469  9.62482
470  10.2639
471  9.4342
472  7.77217
473  9.05238
474  8.34257
475  7.65572
476  6.60409
477  6.712
478  6.62852
479  6.4553
480  6.34995
481  4.75324
482  5.48622
483  5.23716
484  4.93214
485  4.5117
486  5.84456
487  5.03588
488  4.68659
489  3.77226
490  4.80428
491  4.13807
492  4.50898
493  4.88428
494  4.66615
495  4.71021
496  4.37582
497  4.12043
498  3.13924
499  3.92061
500  3.42263
501  3.51153
502  2.86775
503  3.74859
504  3.04733
505  4.24174
506  3.01293
507  3.50481
508  3.39863
509  3.77308
510  3.0458
511  3.93647
512  2.71769
513  3.83887
514  4.2005
515  3.26812
516  3.47093
517  3.03551
518  3.487
519  2.53837
520  2.25873
521  3.22763
522  3.27451
523  2.92617
524  2.69615
525  2.73067
526  2.7519
527  2.99964
528  3.05172
529  3.96436
530  3.20844
531  3.14966
532  3.93793
533  2.92633
534  3.58382
535  3.15224
536  3.03293
537  2.77399
538  2.57278
539  2.55505
540  3.12776
541  2.79313
542  3.56644
543  2.85035
544  3.35478
545  2.73562
546  2.19106
547  2.83939
548  1.81009
549  2.60051
550  2.53391
551  3.56803
552  2.21297
553  2.18497
554  2.14481
555  2.05165
556  2.3306
557  1.91706
558  2.17139
559  2.19234
560  2.06982
561  2.35652
562  1.85827
563  1.46745
564  1.0169
565  1.71584
566  1.05089
567  2.25653
568  1.68663
569  2.19929
570  1.85791
571  2.29989
572  2.02401
573  2.2318
574  1.87882
575  2.10727
576  2.05265
577  2.07184
578  1.71542
579  2.12781
580  2.31354
581  1.84286
582  1.54647
583  1.96935
584  2.7284
585  1.65126
586  1.75751
587  0.892663
588  1.67679
589  1.51821
590  0.890296
591  1.71905
592  1.6471
593  0.816921
594  0.674897
595  1.56945
596  2.09412
597  2.09949
598  1.71985
599  1.32656
