0  0.778842
1  0.267089
2  0.600722
3  -0.0472592
4  0.0755436
5  -0.249613
6  -0.253688
7  0.334124
8  -0.531622
9  -0.471862
10  -0.363035
11  -0.254311
12  0.0721534
13  -0.399421
14  -0.0764914
15  0.253603
16  0.577389
17  -0.14144
18  -0.367326
19  -0.0438109
20  0.111794
21  0.0420283
22  0.139876
23  -0.526541
24  -0.451098
25  -0.0871841
26  -0.292391
27  0.445658
28  -0.161008
29  -0.174453
30  -0.488752
31  0.60256
32  0.300632
33  0.506678
34  -0.338197
35  -0.609607
36  -0.152675
37  -0.419762
38  -0.463039
39  -0.394851
40  0.0767084
41  0.176001
42  0.322372
43  0.182716
44  -0.470145
45  0.156857
46  0.0282105
47  0.0848758
48  -0.875043
49  0.0234204
50  -0.454734
51  0.0354013
52  0.0860308
53  -0.176408
54  0.0512579
55  -0.133996
56  0.012686
57  0.0802761
58  -0.243933
59  0.350985
60  0.0903491
61  -0.056852
62  -0.367464
63  -0.328029
64  0.230003
65  0.41117
66  0.342873
67  0.0563102
68  0.323409
69  -0.0747013
70  0.365395
71  0.177611
72  0.375656
73  -0.110545
74  -0.247488
75  -0.121658
76  -0.423865
77  -0.449097
78  -0.0641281
79  0.00594912
80  0.174026
81  0.647715
82  0.0705117
83  -0.119769
84  0.315341
85  -0.0335107
86  0.139041
87  0.202675
88  0.157614
89  -0.517407
90  -0.797759
91  0.103799
92  0.0879978
93  0.274228
94  -0.650974
95  -0.00956468
96  -0.180885
97  0.267001
98  0.60171
99  0.229368
100  0.219349
101  -0.317351
102  0.311547
103  -0.207193
104  0.0578401
105  0.216141
106  -0.151249
107  0.0161444
108  -0.329355
109  -0.0306538
110  0.0048951
111  -0.0261194
112  0.343624
113  0.520632
114  0.570415
115  0.605057
116  -0.434534
117  0.287962
118  0.134298
119  0.120854
120  -0.163524
121  -0.055461
122  0.215988
123  -0.193197
124  -0.257886
125  0.089916
126  0.517144
127  -0.301355
128  -0.869923
129  -0.237684
130  -0.261697
131  0.429562
132  0.164212
133  -0.500865
134  -0.300426
135  0.054378
136  -0.676706
137  -0.0845853
138  0.476054
139  3.33858e-06
140  0.26677
141  0.209285
142  0.169993
143  0.0350495
144  0.17093
145  0.657032
146  -0.00423318
147  -0.319783
148  0.109121
149  0.0576726
150  0.28368
151  -0.259529
152  0.0647999
153  -0.146729
154  0.175663
155  0.207219
156  -0.495287
157  -0.434998
158  -0.198093
159  0.223838
160  0.53957
161  0.726556
162  0.27808
163  -0.141257
164  0.0285212
165  -0.419211
166  -0.356011
167  0.442417
168  0.297127
169  -0.126334
170  -0.180905
171  0.1944
172  -0.39279
173  -0.322845
174  -0.312674
175  -0.0943533
176  -0.400588
177  -1.01862
178  -0.230698
179  -0.442227
180  0.302776
181  0.0486328
182  0.531427
183  0.429205
184  0.910918
185  0.341914
186  -0.122299
187  0.20502
188  0.105861
189  -0.326645
190  -0.0449132
191  -0.140084
192  -0.0836199
193  0.352259
194  -0.432048
195  -0.718548
196  -2.00156
197  -23.8413
198  -149.883
199  -501.023
200  -1110.64
201  -1873.34
202  -2621.54
203  -3212.25
204  -3558.49
205  -3658.3
206  -3555.24
207  -3299.65
208  -2958.36
209  -2580.93
210  -2204.02
211  -1852.88
212  -1543.36
213  -1279.97
214  -1060.02
215  -880.234
216  -734.68
217  -618.019
218  -525.838
219  -449.655
220  -388.477
221  -340.527
222  -302.961
223  -273.179
224  -246.524
225  -221.016
226  -194.791
227  -167.174
228  -141.573
229  -118.759
230  -97.9561
231  -82.5879
232  -71.3755
233  -63.9246
234  -59.9881
235  -58.7018
236  -59.7862
237  -62.347
238  -65.3764
239  -68.3397
240  -71.2096
241  -72.1015
242  -74.1527
243  -74.7034
244  -75.0268
245  -75.5887
246  -75.3726
247  -74.6292
248  -73.7024
249  -72.4577
250  -70.5804
251  -68.9195
252  -67.0259
253  -65.8814
254  -65.0354
255  -64.1148
256  -63.2758
257  -62.9543
258  -63.0642
259  -62.1036
260  -60.7165
261  -59.6127
262  -58.1854
263  -55.6547
264  -53.2394
265  -50.2267
266  -48.4236
267  -46.3217
268  -44.0489
269  -42.4653
270  -41.9284
271  -41.563
272  -40.2451
273  -40.0334
274  -39.1356
275  -38.782
276  -37.9376
277  -37.8713
278  -38.0944
279  -37.6519
280  -37.3024
281  -38.3698
282  -40.8209
283  -44.9309
284  -49.6172
285  -53.9444
286  -57.5235
287  -58.5755
288  -58.0536
289  -55.5722
290  -52.2866
291  -47.8146
292  -43.5194
293  -39.4643
294  -35.4442
295  -32.2174
296  -28.9594
297  -26.52
298  -24.3762
299  -22.0836
300  -20.0964
301  -18.4595
302  -17.8027
303  -17.0925
304  -16.6112
305  -15.2911
306  -15.4886
307  -15.0984
308  -16.0343
309  -16.1378
310  -15.5061
311  -14.4592
312  -14.5136
313  -13.4669
314  -12.5902
315  -12.2874
316  -11.9552
317  -11.8466
318  -11.2567
319  -10.6079
320  -10.0953
321  -9.81038
322  -10.0861
323  -9.32147
324  -9.41602
325  -8.83412
326  -8.7644
327  -9.16252
328  -9.08748
329  -8.52856
330  -8.90825
331  -9.08723
332  -9.48991
333  -10.5666
334  -10.2845
335  -10.1505
336  -10.0704
337  -9.53695
338  -8.89939
339  -8.78075
340  -8.58554
341  -7.57197
342  -6.69952
343  -6.80866
344  -5.63729
345  -5.70338
346  -4.77129
347  -4.62804
348  -4.40806
349  -3.5592
350  -3.30621
351  -3.622
352  -4.06518
353  -4.74545
354  -5.52853
355  -5.29266
356  -5.41574
357  -5.68043
358  -6.07138
359  -6.12018
360  -5.83104
361  -6.4143
362  -5.89773
363  -5.34831
364  -4.67284
365  -4.67181
366  -4.80742
367  -4.9802
368  -4.90704
369  -4.67166
370  -4.80557
371  -4.87483
372  -5.3779
373  -5.76253
374  -5.34858
375  -5.52604
376  -5.14403
377  -5.80246
378  -6.1801
379  -5.87601
380  -5.52745
381  -4.61442
382  -4.83833
383  -4.66941
384  -4.9409
385  -5.4409
386  -4.0046
387  -2.00419
388  0.415433
389  2.13495
390  4.77451
391  5.73146
392  6.98159
393  6.47953
394  5.71316
395  3.56266
396  1.18097
397  -1.57188
398  -3.49503
399  -5.15067
400  -6.51016
401  -7.90148
402  -8.26377
403  -10.1368
404  -10.0992
405  -10.7431
406  -11.1301
407  -11.4898
408  -11.2899
409  -11.5106
410  -11.915
411  -11.9731
412  -12.2064
413  -13.3553
414  -14.2212
415  -14.7912
416  -16.3056
417  -16.3339
418  -16.2761
419  -15.9295
420  -15.465
421  -13.8882
422  -12.7096
423  -11.9405
424  -11.1831
425  -10.9975
426  -10.956
427  -11.3748
428  -12.6576
429  -12.2064
430  -11.709
431  -12.1239
432  -12.0961
433  -10.9405
434  -10.6388
435  -9.73387
436  -9.15492
437  -9.13187
438  -9.43402
439  -9.10088
440  -9.741
441  -9.94089
442  -11.8581
443  -14.9648
444  -18.2857
445  -23.433
446  -27.351
447  -29.8784
448  -30.1978
449  -29.0685
450  -25.2742
451  -20.0466
452  -14.7547
453  -9.4253
454  -4.97877
455  -0.475557
456  3.48563
457  6.13281
458  8.23309
459  11.2036
460  11.6565
461  12.2509
462  12.9616
463  13.0263
464  13.2295
465  12.6986
466  12.6638
467  12.3221
468  11.5382
469  11.5998
470  11.8034
471  11.7061
472  11.5362
473  10.4727
474  10.6758
475  10.5708
476  10.3885
477  10.0918
478  9.86811
479  9.44861
480  8.73902
481  7.99936
482  8.50521
483  7.32332
484  6.89656
485  6.53143
486  6.91557
487  5.84655
488  5.76742
489  5.42403
490  5.35165
491  5.3267
492  5.22977
493  4.72879
494  4.72424
495  4.51328
496  4.35963
497  4.9144
498  4.13169
499  4.49778
500  4.13436
501  4.37506
502  4.25969
503  4.31484
504  4.15433
505  3.48848
506  3.69017
507  3.66365
508  3.47
509  3.96259
510  4.01216
511  3.38691
512  2.95115
513  3.41368
514  3.77998
515  3.82512
516  3.89865
517  3.32158
518  3.55329
519  4.11534
520  4.02124
521  3.59793
522  2.32533
523  2.8657
524  3.05152
525  3.11871
526  2.85098
527  2.8139
528  3.0588
529  2.80668
530  2.49611
531  2.47504
532  2.63382
533  2.76882
534  2.78903
535  3.11313
536  2.91778
537  3.33514
538  2.90865
539  3.09947
540  3.3459
541  2.66524
542  2.67358
543  3.25903
544  2.75186
545  2.85742
546  2.66702
547  2.7654
548  2.73192
549  2.83276
550  2.35343
551  2.7118
552  2.38375
553  2.41178
554  2.5638
555  2.41431
556  2.30692
557  2.39975
558  2.14445
559  2.37999
560  2.38443
561  1.85984
562  1.97499
563  2.11781
564  2.37462
565  2.00727
566  1.66421
567  2.19386
568  2.63892
569  2.34844
570  1.50196
571  2.01011
572  1.50733
573  2.0465
574  2.38897
575  1.98317
576  2.04044
577  2.31612
578  1.63167
579  1.85327
580  1.79759
581  1.79601
582  2.03732
583  2.24093
584  2.44741
585  1.97305
586  1.52511
587  1.61845
588  1.92106
589  1.61999
590  1.90086
591  1.82036
592  1.70646
593  1.71303
594  1.47977
595  1.68207
596  1.49378
597  1.54535
598  2.02789
599  2.16069
