0  -0.577801
1  0.270692
2  0.463076
3  -0.118911
4  -0.0494646
5  0.240424
6  0.0588577
7  -0.0575868
8  0.126665
9  -0.0966595
10  0.257325
11  -0.0653655
12  0.0159094
13  0.0683376
14  0.0681482
15  0.980042
16  -0.713448
17  -0.409462
18  0.0384666
19  -0.348947
20  -0.0898658
21  -0.442051
22  -0.218359
23  0.184609
24  0.192859
25  -0.0416061
26  -0.0849186
27  0.35068
28  -0.175725
29  -0.485318
30  -0.159158
31  -0.277692
32  0.138074
33  -0.0293173
34  -0.246792
35  -0.12329
36  0.544459
37  -0.130694
38  -0.359071
39  -0.733412
40  -0.0652395
41  0.223399
42  0.216589
43  0.385448
44  0.0445932
45  -0.0767098
46  0.171607
47  0.500764
48  -0.148573
49  0.210668
50  -0.104275
51  -0.309675
52  -0.365258
53  0.101103
54  -0.254812
55  0.650596
56  0.383159
57  -0.0409372
58  0.0487541
59  -0.0593086
60  0.200534
61  -0.0936027
62  -0.0819815
63  -0.0747868
64  -0.504801
65  -0.1728
66  -0.217579
67  -0.056351
68  -0.1122
69  -0.290885
70  -0.421438
71  -0.157366
72  -0.299722
73  0.0407884
74  0.0468962
75  1.08869
76  0.166962
77  -0.273935
78  -0.00874831
79  0.293626
80  -0.593371
81  -0.420672
82  0.123826
83  -0.380828
84  -0.388511
85  0.820432
86  0.125137
87  0.927738
88  0.480804
89  0.598059
90  0.326358
91  -0.269115
92  0.405165
93  0.0319064
94  -0.151153
95  0.781976
96  0.0432512
97  0.430724
98  0.110163
99  -0.107103
100  -0.312009
101  -0.505901
102  -0.0546709
103  0.514549
104  -0.247055
105  -0.0297033
106  0.174958
107  -0.040821
108  -0.0442745
109  0.196924
110  -0.753461
111  0.163941
112  -0.184151
113  -0.39388
114  -0.134981
115  0.147149
116  -0.136165
117  -0.498992
118  0.0373965
119  -0.00894051
120  -0.276881
121  0.453545
122  -0.223209
123  0.18783
124  -0.65208
125  -0.114143
126  0.0449033
127  -0.0841865
128  0.230636
129  0.29286
130  -0.230724
131  -0.450801
132  0.124461
133  -0.559458
134  -0.270493
135  0.21603
136  0.147706
137  -0.169177
138  -0.437876
139  0.245242
140  0.690315
141  0.280917
142  0.486818
143  0.191135
144  0.179616
145  0.31388
146  0.791874
147  0.232967
148  0.255868
149  -0.039369
150  -0.190068
151  -0.170769
152  0.612375
153  0.0560454
154  0.488695
155  0.395468
156  -0.377276
157  -0.556747
158  -0.0465397
159  -0.0125175
160  -0.297859
161  0.119474
162  -0.350109
163  -0.331271
164  -0.267894
165  0.106682
166  -0.0157916
167  0.238828
168  -0.643877
169  -0.159192
170  0.0926249
171  -0.363917
172  0.177266
173  -0.273285
174  -0.113169
175  0.233798
176  0.671517
177  0.0226911
178  -0.423809
179  -0.283045
180  -0.121126
181  0.0904514
182  0.03195
183  -0.728955
184  -0.322558
185  0.0824206
186  0.22631
187  0.37508
188  0.441439
189  0.106009
190  0.370122
191  0.158462
192  -1.05152
193  -0.799174
194  0.289906
195  -0.176852
196  -1.36964
197  -18.4764
198  -126.77
199  -452.596
200  -1044.17
201  -1791.39
202  -2504.39
203  -3042.57
204  -3346.09
205  -3425.76
206  -3336.37
207  -3132.97
208  -2864.01
209  -2562.24
210  -2252.56
211  -1953.81
212  -1674.89
213  -1423.67
214  -1201.2
215  -1008.97
216  -846.815
217  -709.753
218  -594.616
219  -497.283
220  -417.639
221  -352.292
222  -301.101
223  -261.445
224  -230.824
225  -208.054
226  -190.679
227  -177.037
228  -166.019
229  -155.716
230  -146.286
231  -135.629
232  -125.453
233  -114.72
234  -104.593
235  -95.5222
236  -89.0428
237  -84.5925
238  -82.2245
239  -81.804
240  -82.568
241  -82.5148
242  -83.1472
243  -83.1171
244  -81.107
245  -77.5703
246  -73.6415
247  -68.7072
248  -65.074
249  -62.4301
250  -60.2417
251  -59.4703
252  -59.6151
253  -59.8874
254  -60.8054
255  -62.4637
256  -62.7507
257  -62.7734
258  -62.0906
259  -60.9109
260  -58.285
261  -53.401
262  -49.3504
263  -45.8038
264  -42.6571
265  -41.5686
266  -42.4764
267  -46.7179
268  -51.5854
269  -54.7444
270  -56.9692
271  -56.3823
272  -54.4978
273  -51.8004
274  -46.5788
275  -40.8646
276  -36.277
277  -31.781
278  -28.4323
279  -26.7354
280  -25.5849
281  -26.4738
282  -27.3601
283  -28.1714
284  -28.9885
285  -29.2789
286  -27.6297
287  -25.5815
288  -22.802
289  -20.1142
290  -17.8264
291  -16.1746
292  -14.9167
293  -15.1622
294  -16.0099
295  -17.1039
296  -20.1042
297  -21.3481
298  -22.3804
299  -22.6157
300  -22.2411
301  -20.5372
302  -19.21
303  -16.2311
304  -14.2274
305  -12.2517
306  -11.0708
307  -11.2102
308  -11.4909
309  -12.2042
310  -13.7176
311  -13.72
312  -14.9794
313  -14.9727
314  -14.938
315  -13.6676
316  -12.3795
317  -10.0009
318  -8.13805
319  -6.40097
320  -5.15966
321  -5.16197
322  -5.85046
323  -6.46856
324  -8.11816
325  -9.74778
326  -11.5192
327  -12.6675
328  -13.5449
329  -12.9694
330  -11.4636
331  -10.706
332  -9.57614
333  -7.83803
334  -7.04421
335  -7.11524
336  -7.79616
337  -8.76573
338  -9.75532
339  -11.273
340  -11.9308
341  -11.6852
342  -12.2431
343  -11.9346
344  -10.9098
345  -9.70197
346  -7.9881
347  -6.45975
348  -6.27746
349  -5.26949
350  -4.46629
351  -3.97648
352  -5.83823
353  -7.55414
354  -8.37727
355  -9.28134
356  -9.75695
357  -9.22025
358  -8.26934
359  -4.94139
360  -0.0957051
361  5.83674
362  10.8922
363  14.8264
364  18.1347
365  19.9662
366  20.0582
367  19.0091
368  19.9957
369  19.0941
370  19.705
371  20.869
372  22.755
373  25.3616
374  26.2515
375  25.5151
376  22.8807
377  17.6119
378  11.4086
379  4.55721
380  -2.07641
381  -6.70248
382  -9.57096
383  -12.7836
384  -14.66
385  -15.8342
386  -16.6283
387  -16.861
388  -16.4921
389  -15.7633
390  -14.9403
391  -12.8984
392  -11.0444
393  -8.70582
394  -7.84299
395  -7.35329
396  -8.09527
397  -9.2612
398  -11.0734
399  -13.7833
400  -15.2846
401  -16.5415
402  -16.4149
403  -16.1803
404  -16.4846
405  -16.3238
406  -15.7305
407  -16.4461
408  -17.0005
409  -17.068
410  -16.1609
411  -14.6367
412  -14.159
413  -13.2326
414  -11.4048
415  -12.9646
416  -15.4825
417  -19.7667
418  -26.8784
419  -33.3429
420  -38.029
421  -40.9368
422  -40.9336
423  -39.8909
424  -37.5127
425  -32.2535
426  -26.5915
427  -21.1166
428  -14.8937
429  -9.99305
430  -4.80988
431  -0.100153
432  3.2403
433  4.94118
434  7.27539
435  7.95562
436  8.77616
437  9.51118
438  9.87213
439  9.82311
440  9.3917
441  9.46645
442  10.6124
443  10.3133
444  10.3062
445  10.5967
446  10.4265
447  9.72675
448  10.2015
449  9.05676
450  8.14607
451  7.6541
452  6.97903
453  6.2922
454  6.07449
455  6.09135
456  6.16976
457  6.61851
458  6.67952
459  6.85985
460  7.08832
461  6.91138
462  6.93708
463  6.26644
464  5.17613
465  4.75195
466  4.54776
467  4.32886
468  3.91596
469  3.64691
470  4.11183
471  4.29344
472  4.58772
473  4.52928
474  4.37391
475  4.53409
476  4.50447
477  4.37752
478  3.84188
479  3.72142
480  3.47022
481  2.92382
482  2.87521
483  3.61749
484  3.42159
485  3.514
486  3.73746
487  3.92484
488  3.88002
489  4.19839
490  3.54675
491  3.6592
492  3.4324
493  3.2208
494  3.0985
495  2.57886
496  3.21025
497  3.61993
498  3.37741
499  3.53403
500  3.85873
501  4.53412
502  4.26906
503  4.46968
504  4.20389
505  3.41499
506  2.79516
507  3.14879
508  3.04084
509  2.64947
510  2.99463
511  3.13249
512  2.91228
513  3.40008
514  3.63231
515  3.75116
516  2.99307
517  3.05771
518  3.2923
519  2.59937
520  2.61067
521  2.40277
522  1.92823
523  2.50548
524  1.61931
525  1.91322
526  1.36721
527  1.92406
528  2.32225
529  2.16741
530  2.65992
531  2.27455
532  1.62385
533  2.32559
534  1.74734
535  1.62075
536  1.23485
537  1.0322
538  1.50838
539  1.19109
540  2.12802
541  2.49656
542  2.4701
543  2.51262
544  2.53828
545  2.56977
546  2.49126
547  2.44103
548  2.23526
549  2.1158
550  1.15788
551  1.95219
552  1.62217
553  2.28689
554  1.91081
555  2.08017
556  1.76273
557  2.06393
558  2.5873
559  2.4761
560  1.97324
561  2.22605
562  1.82224
563  1.49923
564  1.69023
565  1.61625
566  1.73029
567  2.00785
568  1.3237
569  1.63859
570  1.71592
571  1.74026
572  1.86513
573  2.119
574  2.05401
575  1.5014
576  2.37952
577  2.09636
578  1.25299
579  0.933009
580  1.96833
581  1.72753
582  1.12848
583  2.20364
584  1.76337
585  2.15903
586  1.35511
587  1.3843
588  2.18114
589  1.69824
590  1.51301
591  1.67495
592  1.39471
593  1.2492
594  0.83397
595  0.816989
596  0.663567
597  0.471187
598  0.747381
599  1.03915
