0  -0.419737
1  0.28863
2  0.504388
3  0.541935
4  -0.121372
5  0.251092
6  0.0472499
7  0.194715
8  -0.0743486
9  -0.154261
10  -0.00338119
11  0.327264
12  0.114366
13  0.359048
14  -0.619642
15  0.400468
16  0.387542
17  0.084683
18  -0.0598146
19  0.406259
20  -0.0664932
21  -0.224767
22  0.0124949
23  -0.172769
24  0.0716083
25  0.53263
26  0.360029
27  -0.441923
28  -0.777798
29  -0.0187193
30  -0.679746
31  0.176717
32  0.342349
33  0.526635
34  -0.18355
35  -0.067833
36  0.0644784
37  0.182721
38  -0.1309
39  0.242993
40  -0.451618
41  0.0865547
42  -0.0522587
43  -0.199136
44  0.376195
45  0.0532128
46  -0.387539
47  0.0266522
48  0.340493
49  0.593951
50  0.518237
51  0.402213
52  0.103609
53  0.152919
54  -0.0147379
55  -0.306641
56  0.62062
57  0.109386
58  -0.0519905
59  0.168919
60  0.169242
61  0.0339668
62  -0.0823818
63  -0.158943
64  -0.0182713
65  -0.348957
66  -0.183298
67  -0.0239278
68  0.0526643
69  -0.094625
70  -0.353201
71  -0.975064
72  -0.519173
73  -0.238352
74  -0.271678
75  -0.0606175
76  0.117923
77  -0.213126
78  -0.276161
79  -0.237695
80  -0.14372
81  0.295227
82  0.189036
83  -0.125955
84  0.515011
85  0.173519
86  0.157911
87  0.0304588
88  0.245097
89  0.143636
90  -0.0512934
91  -0.0525974
92  0.540687
93  -0.00158969
94  0.110362
95  -0.318727
96  -0.244105
97  0.287723
98  -0.436903
99  0.438853
100  0.637924
101  0.281991
102  0.359992
103  -0.296255
104  -0.0992758
105  0.257261
106  -0.176073
107  -0.0426857
108  0.332371
109  -0.319281
110  -0.0714548
111  -0.100321
112  0.567384
113  0.537298
114  0.362051
115  0.50455
116  -0.0746398
117  0.0366587
118  -0.36308
119  -0.294143
120  -0.368564
121  -0.552899
122  -0.15438
123  -0.0568723
124  -0.270556
125  -0.383128
126  -0.318131
127  -0.172679
128  0.410282
129  0.318964
130  0.476825
131  0.358699
132  0.0963601
133  -0.352731
134  0.386233
135  -0.386329
136  -0.647742
137  -0.726133
138  0.420553
139  0.653316
140  -0.568756
141  0.0197601
142  -0.226196
143  -0.233547
144  -0.28936
145  -0.210282
146  -0.3287
147  0.152962
148  -0.340595
149  -0.0411419
150  0.541674
151  0.481848
152  -0.170947
153  0.438338
154  0.113203
155  -0.0734035
156  -0.446111
157  -0.112583
158  -0.261577
159  0.211869
160  -0.0882963
161  -0.0643749
162  0.268483
163  -0.116396
164  0.410272
165  -0.0465747
166  -0.47286
167  -0.690253
168  -0.359892
169  0.402601
170  0.733647
171  -0.0149208
172  0.080027
173  0.376159
174  0.310151
175  -0.396806
176  0.0221541
177  0.0434754
178  -0.251194
179  0.915324
180  0.312183
181  -0.129679
182  0.033497
183  -0.102229
184  -0.191953
185  0.495863
186  0.115637
187  -0.030478
188  0.374153
189  0.0947314
190  -0.322589
191  -0.321279
192  0.242252
193  -0.242924
194  0.253193
195  -0.48813
196  -1.24981
197  -17.878
198  -128.037
199  -474.144
200  -1115.71
201  -1934.25
202  -2714.13
203  -3290.32
204  -3599.29
205  -3658.06
206  -3529.92
207  -3284.6
208  -2978
209  -2644.16
210  -2304.81
211  -1979.01
212  -1677.52
213  -1410.68
214  -1180
215  -982.763
216  -816.2
217  -675.668
218  -560.942
219  -467.217
220  -392.668
221  -333.473
222  -286.573
223  -251.88
224  -226.254
225  -206.433
226  -190.047
227  -177.576
228  -166.139
229  -156.053
230  -144.458
231  -133.206
232  -121.98
233  -112.661
234  -104.118
235  -98.36
236  -94.282
237  -92.4752
238  -93.3188
239  -94.8977
240  -96.8311
241  -96.7238
242  -95.5637
243  -93.2653
244  -89.2449
245  -84.7787
246  -79.1261
247  -74.8544
248  -71.0437
249  -69.363
250  -68.9926
251  -69.5166
252  -70.761
253  -73.4566
254  -74.4387
255  -74.4949
256  -73.169
257  -70.9968
258  -67.44
259  -63.7623
260  -59.1166
261  -53.3909
262  -50.0439
263  -49.102
264  -49.4403
265  -51.3368
266  -55.6354
267  -62.0839
268  -68.8182
269  -74.5395
270  -76.7197
271  -75.7283
272  -72.9249
273  -67.909
274  -62.161
275  -56.0384
276  -50.8017
277  -47.1558
278  -44.7965
279  -43.485
280  -42.1473
281  -41.2737
282  -40.6083
283  -39.5273
284  -37.2765
285  -34.4568
286  -30.2017
287  -27.1065
288  -23.9262
289  -20.9356
290  -19.9243
291  -19.4688
292  -19.4359
293  -20.4341
294  -21.2829
295  -22.6222
296  -22.9901
297  -22.6508
298  -21.884
299  -19.5996
300  -16.7668
301  -13.9839
302  -12.6225
303  -11.8446
304  -11.8732
305  -11.9614
306  -14.0312
307  -15.1731
308  -17.1968
309  -18.2777
310  -18.5093
311  -19.18
312  -17.6308
313  -15.4699
314  -14.4475
315  -12.6411
316  -11.2169
317  -10.387
318  -9.76582
319  -11.0609
320  -11.4818
321  -12.677
322  -13.2922
323  -14.5401
324  -14.2891
325  -13.6691
326  -12.8214
327  -11.3376
328  -8.79847
329  -7.65348
330  -5.84256
331  -4.97963
332  -5.26992
333  -6.52294
334  -8.59979
335  -9.76733
336  -11.8722
337  -13.3211
338  -13.9842
339  -13.5554
340  -13.2847
341  -11.3313
342  -10.1141
343  -9.7906
344  -8.39611
345  -7.2361
346  -7.34601
347  -7.9226
348  -8.72659
349  -9.95205
350  -10.4549
351  -10.5681
352  -9.8383
353  -9.30014
354  -7.64889
355  -5.43044
356  -3.83906
357  -3.25819
358  -4.08143
359  -4.55596
360  -4.43755
361  -2.83338
362  -0.454204
363  3.54873
364  6.99865
365  9.50937
366  11.3441
367  12.3103
368  10.1396
369  8.84907
370  5.98334
371  3.74333
372  0.743244
373  -2.23382
374  -4.51285
375  -5.92034
376  -8.4192
377  -9.65371
378  -9.57981
379  -9.51365
380  -8.16616
381  -7.35924
382  -5.90824
383  -4.07838
384  -3.96514
385  -3.63162
386  -2.76934
387  -4.04769
388  -5.77776
389  -7.29472
390  -9.97003
391  -12.6989
392  -14.5676
393  -16.2024
394  -17.5748
395  -18.7837
396  -20.5886
397  -22.7256
398  -25.3203
399  -27.047
400  -29.0756
401  -29.6883
402  -29.2038
403  -26.5328
404  -23.5113
405  -19.8041
406  -15.4395
407  -10.94
408  -6.26228
409  -1.58311
410  3.84343
411  9.22095
412  12.9971
413  15.5075
414  15.5012
415  13.9248
416  9.56961
417  2.75765
418  -6.70477
419  -16.8412
420  -26.9201
421  -34.1869
422  -38.1993
423  -40.4368
424  -39.9714
425  -36.347
426  -32.4653
427  -27.3664
428  -22.1922
429  -16.3829
430  -12.3467
431  -7.82613
432  -3.96349
433  -0.445496
434  1.35978
435  4.24469
436  6.60856
437  8.46212
438  9.29966
439  10.1201
440  10.4918
441  10.6994
442  9.97145
443  9.60253
444  9.90527
445  10.1258
446  9.11519
447  8.39659
448  8.12963
449  8.39662
450  8.36508
451  7.91978
452  8.24156
453  7.49732
454  7.51463
455  7.79105
456  7.17849
457  5.81685
458  5.96333
459  5.49227
460  5.60237
461  5.11944
462  5.17627
463  4.53156
464  4.95469
465  5.28271
466  5.12414
467  4.68622
468  4.84916
469  5.08415
470  4.65141
471  4.75854
472  4.06389
473  3.86428
474  4.23618
475  3.82367
476  4.27459
477  4.22646
478  4.0638
479  4.51637
480  4.89429
481  5.35457
482  4.96297
483  4.42779
484  4.1225
485  3.85365
486  2.94699
487  3.11541
488  2.6596
489  2.23199
490  2.56271
491  2.30194
492  2.58069
493  2.69004
494  3.11474
495  3.38912
496  3.60855
497  3.43621
498  3.53964
499  3.01015
500  2.11994
501  2.78046
502  3.43927
503  3.51453
504  2.71074
505  2.62904
506  2.91457
507  3.48901
508  3.56352
509  3.17565
510  3.27799
511  3.14119
512  2.97004
513  2.61047
514  2.56801
515  2.61143
516  2.74067
517  2.19981
518  2.50506
519  2.90421
520  2.7512
521  3.20618
522  2.53025
523  2.7281
524  2.72436
525  2.5384
526  2.177
527  2.37569
528  2.20161
529  2.39604
530  1.70698
531  1.80176
532  2.25863
533  2.47701
534  2.01305
535  1.64595
536  2.13098
537  1.48311
538  1.81048
539  2.86045
540  2.34061
541  1.73461
542  1.50531
543  0.965647
544  1.29426
545  1.26582
546  1.59806
547  1.70356
548  2.47073
549  1.66525
550  1.70486
551  2.34021
552  1.96953
553  1.48685
554  1.79323
555  1.41779
556  1.35979
557  1.93112
558  2.43221
559  1.8881
560  1.76122
561  1.95727
562  2.01319
563  2.12878
564  1.36148
565  1.71147
566  1.4587
567  1.62004
568  0.736322
569  1.32639
570  1.66765
571  1.34353
572  1.55624
573  1.76297
574  1.09889
575  1.64617
576  0.773893
577  1.9497
578  1.40648
579  1.60141
580  1.55553
581  2.13352
582  1.8965
583  1.69962
584  1.96053
585  1.56584
586  2.14997
587  1.40093
588  0.928115
589  1.68552
590  1.74932
591  1.06439
592  0.511354
593  1.13668
594  0.359325
595  0.931372
596  0.710079
597  0.492946
598  0.125755
599  0.516082
