0  0.0923234
1  -0.104656
2  0.37864
3  -0.339072
4  -0.480632
5  0.418639
6  0.430467
7  0.461091
8  -0.00404236
9  0.0123181
10  -0.0704853
11  -0.680164
12  -0.118169
13  0.110421
14  0.202324
15  0.139964
16  -0.123247
17  0.186385
18  0.111078
19  0.333918
20  0.0941222
21  -0.095216
22  0.108976
23  -0.357004
24  0.180839
25  0.155241
26  0.781965
27  0.280323
28  -0.20351
29  -0.00167633
30  0.271657
31  -0.120005
32  -0.0660575
33  -0.0598585
34  -0.661971
35  -0.353251
36  -0.415456
37  -0.168125
38  0.142939
39  -0.470889
40  -0.548703
41  0.0431359
42  -0.211488
43  0.4452
44  -0.371989
45  0.146194
46  0.140691
47  -0.11901
48  0.122185
49  0.0651579
50  -0.0236867
51  -0.0693475
52  -0.0262972
53  0.133137
54  -0.871528
55  0.247937
56  -0.155435
57  0.0375862
58  0.241911
59  -0.410818
60  -0.24242
61  -0.0313214
62  -0.0615025
63  -0.0552863
64  0.218368
65  -0.419698
66  0.131455
67  0.00294247
68  -0.249868
69  -0.345148
70  -0.183924
71  -0.266354
72  -0.0987294
73  -0.427428
74  -0.588974
75  0.0564199
76  -0.509973
77  -0.724752
78  -0.0594849
79  0.104413
80  0.278869
81  -0.311019
82  0.473572
83  0.0258226
84  0.139454
85  -0.163592
86  0.0387722
87  -0.507107
88  0.334066
89  -0.0556062
90  0.141965
91  -0.218589
92  0.0298219
93  0.19273
94  0.403256
95  -0.590706
96  0.0688922
97  -0.177158
98  -0.0640688
99  -0.404591
100  -0.194106
101  0.291021
102  0.231827
103  -0.320517
104  -0.225178
105  0.307808
106  0.357541
107  0.0655815
108  0.0798787
109  -0.0472316
110  0.443217
111  -0.158427
112  0.264633
113  -0.435249
114  -0.214918
115  0.22103
116  -0.0398981
117  0.160429
118  -0.0380327
119  0.0109599
120  -0.0199965
121  0.0672167
122  -0.0188843
123  0.341459
124  0.106681
125  -0.21124
126  0.139223
127  0.156051
128  -0.0627259
129  0.3269
130  0.00967309
131  0.182061
132  -0.366754
133  0.32371
134  0.358156
135  -0.0357756
136  -0.540161
137  -0.0286445
138  0.0458581
139  0.414824
140  0.0782153
141  0.0552661
142  -0.0724928
143  -0.106937
144  -0.0245315
145  -0.00931967
146  -0.0554051
147  -0.290897
148  0.0224355
149  0.688705
150  -0.129747
151  0.101974
152  0.48179
153  -0.0178736
154  0.768847
155  -0.00510752
156  0.076184
157  0.109135
158  -0.129561
159  0.146747
160  0.38999
161  0.229229
162  0.671918
163  -0.489406
164  -0.265257
165  0.314785
166  0.226293
167  0.169555
168  0.396173
169  -0.248773
170  -0.0453238
171  -0.396621
172  -0.308213
173  0.0285923
174  -0.126909
175  -0.337254
176  0.00388299
177  -0.239736
178  -0.552879
179  -0.0585562
180  0.466394
181  -0.140864
182  -0.266698
183  -0.347512
184  -0.111812
185  -0.0526824
186  0.241169
187  0.0491538
188  -0.323421
189  0.143871
190  0.679698
191  0.429117
192  0.574475
193  -0.194986
194  0.390587
195  -0.50095
196  -1.71305
197  -20.5968
198  -138.491
199  -486.796
200  -1107.74
201  -1884.85
202  -2641.11
203  -3223.69
204  -3556.53
205  -3644.37
206  -3535.54
207  -3286.45
208  -2956.54
209  -2593.38
210  -2231.99
211  -1893.96
212  -1593.61
213  -1333.78
214  -1114.09
215  -931.343
216  -781.608
217  -660.682
218  -562.95
219  -482.886
220  -418.526
221  -367.645
222  -326.776
223  -291.924
224  -260.77
225  -231.953
226  -202.839
227  -175.019
228  -149.715
229  -128.749
230  -111.394
231  -98.4413
232  -89.3848
233  -82.9193
234  -77.8373
235  -76.0364
236  -75.2014
237  -75.1941
238  -74.765
239  -75.1347
240  -75.1857
241  -76.0623
242  -75.5658
243  -75.6461
244  -75.8952
245  -75.7451
246  -74.7518
247  -73.6147
248  -72.1371
249  -71.9962
250  -71.3362
251  -70.0699
252  -68.2546
253  -67.0259
254  -66.3639
255  -65.4527
256  -63.9017
257  -62.7602
258  -61.7288
259  -59.8318
260  -59.1119
261  -57.3628
262  -55.8703
263  -54.9715
264  -53.069
265  -51.5475
266  -50.9408
267  -49.9545
268  -49.1595
269  -48.1403
270  -48.3059
271  -47.0113
272  -46.0724
273  -45.0556
274  -44.0896
275  -42.7176
276  -41.1682
277  -40.3297
278  -38.6919
279  -37.2569
280  -35.5114
281  -35.0111
282  -34.7081
283  -35.1169
284  -35.1571
285  -34.0143
286  -31.906
287  -29.6829
288  -25.9797
289  -23.5153
290  -20.6175
291  -17.8325
292  -15.9488
293  -14.7928
294  -14.6332
295  -13.8871
296  -12.4319
297  -12.5134
298  -11.5362
299  -12.5674
300  -12.296
301  -12.1296
302  -12.2838
303  -11.737
304  -12.2375
305  -12.6973
306  -13.0794
307  -12.5297
308  -12.8648
309  -12.7739
310  -13.1623
311  -12.9935
312  -13.4107
313  -13.1354
314  -13.5068
315  -12.948
316  -12.358
317  -11.8197
318  -12.3167
319  -12.1047
320  -11.1658
321  -11.1063
322  -11.2516
323  -10.8665
324  -10.3762
325  -10.0329
326  -9.70264
327  -9.33136
328  -9.09199
329  -9.50021
330  -9.54686
331  -9.00098
332  -10.0199
333  -9.10048
334  -9.76272
335  -9.8536
336  -9.45067
337  -10.3367
338  -9.85081
339  -9.83547
340  -8.80543
341  -9.36847
342  -9.08896
343  -8.79777
344  -8.08202
345  -7.77075
346  -7.94454
347  -7.75427
348  -6.72575
349  -7.44447
350  -6.7391
351  -6.57196
352  -6.53714
353  -6.65632
354  -6.83236
355  -6.43013
356  -7.7886
357  -7.22491
358  -7.86088
359  -8.65957
360  -8.67136
361  -9.2868
362  -9.00028
363  -8.899
364  -8.89169
365  -8.98445
366  -8.34769
367  -8.26417
368  -7.21929
369  -7.05282
370  -6.54279
371  -6.51903
372  -6.61275
373  -6.55809
374  -7.07901
375  -6.9054
376  -7.69242
377  -7.51953
378  -8.29863
379  -7.91413
380  -8.56678
381  -8.90077
382  -8.03048
383  -7.93539
384  -7.57449
385  -8.27186
386  -8.46861
387  -9.12338
388  -8.358
389  -6.33819
390  -5.6084
391  -3.15771
392  -0.542675
393  1.63354
394  3.02189
395  4.18973
396  5.17968
397  6.19185
398  5.59722
399  5.985
400  4.99579
401  3.84529
402  2.82437
403  0.852782
404  -0.582767
405  -2.49365
406  -2.76944
407  -3.8421
408  -5.7559
409  -7.16232
410  -8.27888
411  -10.1023
412  -12.0918
413  -13.0229
414  -13.9043
415  -15.5047
416  -15.8308
417  -16.2513
418  -16.3977
419  -16.0116
420  -15.9816
421  -14.8907
422  -14.4525
423  -14.3083
424  -13.911
425  -14.2313
426  -13.1701
427  -12.3499
428  -12.8776
429  -11.6233
430  -12.3505
431  -10.8738
432  -11.2706
433  -11.2324
434  -11.1317
435  -10.6382
436  -10.283
437  -11.0343
438  -10.7803
439  -11.85
440  -12.4137
441  -13.6491
442  -14.9117
443  -16.4576
444  -18.7923
445  -21.7277
446  -26.0144
447  -30.6237
448  -33.8957
449  -35.4378
450  -35.6982
451  -34.0973
452  -30.1217
453  -25.2136
454  -19.8123
455  -14.1057
456  -9.11533
457  -3.92579
458  0.320861
459  3.68203
460  5.93202
461  8.57168
462  9.67901
463  10.6417
464  11.0415
465  10.8906
466  11.8516
467  11.3783
468  10.8565
469  10.9949
470  10.6926
471  10.8236
472  10.2636
473  10.6927
474  10.5733
475  10.0744
476  9.62868
477  9.40966
478  9.06949
479  8.45133
480  8.48052
481  8.2889
482  7.91733
483  7.4851
484  6.89528
485  5.95217
486  5.73005
487  5.46037
488  5.50408
489  5.34168
490  4.91244
491  5.31727
492  4.87241
493  4.72038
494  4.81676
495  5.10468
496  4.53728
497  4.47699
498  4.01411
499  3.42611
500  4.06671
501  3.52089
502  3.56358
503  3.61953
504  4.23785
505  4.11746
506  3.32929
507  3.5406
508  4.03592
509  4.05028
510  4.23729
511  3.48113
512  3.65286
513  3.14969
514  3.30084
515  3.55968
516  3.5803
517  2.9976
518  2.98585
519  2.86844
520  2.61925
521  3.32617
522  2.92227
523  3.19143
524  2.87628
525  2.66638
526  2.6262
527  2.97022
528  3.27894
529  2.79327
530  2.95449
531  3.10548
532  3.6689
533  2.87894
534  2.87406
535  2.87482
536  3.16503
537  2.59046
538  3.26544
539  2.87372
540  2.85095
541  2.90095
542  2.38579
543  2.75333
544  2.82
545  2.1979
546  2.67923
547  3.28459
548  2.98542
549  2.40838
550  2.17231
551  2.16258
552  1.94856
553  2.79972
554  2.30145
555  1.79808
556  1.88757
557  2.42889
558  2.71432
559  1.90613
560  2.05904
561  1.91246
562  2.06781
563  2.15102
564  2.06575
565  2.02092
566  2.00447
567  2.03591
568  1.62351
569  2.26103
570  2.05312
571  1.97019
572  2.28586
573  1.83308
574  1.73657
575  1.64648
576  1.75294
577  1.44607
578  1.83353
579  1.37204
580  1.1745
581  1.92618
582  1.52527
583  1.4475
584  1.39754
585  0.814508
586  1.43126
587  1.56645
588  1.33681
589  1.68924
590  1.53207
591  1.42453
592  1.01083
593  1.77113
594  1.70434
595  0.73332
596  1.12974
597  1.25257
598  0.700196
599  1.11526
