0  -0.500941
1  0.1024
2  -0.355244
3  0.0235673
4  0.51102
5  0.0687659
6  -0.158867
7  0.179096
8  0.056282
9  -0.202389
10  0.117583
11  0.382336
12  -0.279726
13  0.0604432
14  -0.106435
15  0.466917
16  0.027514
17  0.0362329
18  -0.223902
19  0.101729
20  0.198819
21  0.557685
22  -0.196518
23  -0.972266
24  0.0761326
25  -0.0626121
26  -0.245464
27  -0.232986
28  -0.0583108
29  -0.32764
30  -0.121641
31  -0.452166
32  -0.393242
33  0.383081
34  0.0394527
35  0.516417
36  -0.665361
37  -0.061843
38  -0.0460835
39  0.887116
40  0.249405
41  0.0309905
42  0.489403
43  0.653376
44  0.216216
45  0.223555
46  0.130835
47  -0.548221
48  0.114173
49  -0.17906
50  0.316158
51  0.093282
52  -0.0881275
53  -0.344793
54  0.249987
55  -0.175521
56  -0.0916741
57  -0.516751
58  -0.0515959
59  -0.301795
60  -0.418373
61  -0.0975584
62  -0.0158972
63  -0.150438
64  -0.151054
65  0.419727
66  0.534039
67  -0.492863
68  0.163441
69  -0.633337
70  -0.39199
71  -0.396397
72  -0.342064
73  -0.244908
74  -0.277082
75  -0.164952
76  -0.330608
77  0.238356
78  -0.0639825
79  0.168125
80  -0.172245
81  0.130008
82  -0.341081
83  0.0204638
84  0.364251
85  0.573687
86  -0.289364
87  -0.0136209
88  -0.112305
89  0.175013
90  -0.576044
91  -0.294215
92  -0.0104357
93  0.212715
94  -0.116396
95  0.172179
96  0.0420337
97  0.141173
98  0.363599
99  -0.55636
100  0.396851
101  0.219259
102  -0.0844489
103  0.234069
104  0.419079
105  -0.556685
106  -0.772141
107  -0.799698
108  0.2304
109  0.807698
110  -0.0752689
111  -0.23075
112  -0.172193
113  -0.259114
114  0.44681
115  0.244458
116  -0.107233
117  0.117887
118  -0.344525
119  0.311919
120  0.359953
121  -0.0385487
122  0.112777
123  0.266685
124  -0.0526195
125  0.283408
126  -0.116384
127  0.0345487
128  0.0365167
129  0.104558
130  0.0492954
131  -0.217773
132  -0.209354
133  -0.149507
134  -0.0143192
135  -0.0235769
136  -0.0121474
137  -0.391564
138  0.152149
139  0.318297
140  -0.254919
141  -0.074715
142  -0.336701
143  0.0669183
144  -0.260457
145  0.260722
146  0.0114516
147  -0.675245
148  -0.57068
149  -0.337029
150  0.0939972
151  0.443427
152  -0.583174
153  -0.154716
154  -0.318839
155  0.156307
156  -0.503886
157  0.368237
158  0.493487
159  -0.482713
160  -0.29867
161  0.577276
162  0.0165354
163  -0.316089
164  0.425379
165  0.20189
166  0.109125
167  -0.0463094
168  -0.088741
169  0.302568
170  -0.329206
171  -0.278612
172  0.141388
173  0.426579
174  0.033864
175  0.752524
176  0.0831087
177  -0.265044
178  0.12713
179  0.263349
180  -0.177265
181  0.168489
182  -0.383758
183  0.189722
184  0.292216
185  0.0712917
186  -0.194087
187  0.425224
188  0.484525
189  0.276041
190  -0.927257
191  0.0916376
192  0.0399045
193  -0.154101
194  -0.606227
195  -0.171467
196  -1.1811
197  -18.9514
198  -129.947
199  -469.862
200  -1093.09
201  -1881.8
202  -2629.03
203  -3186.73
204  -3497.4
205  -3577.63
206  -3488.96
207  -3291.72
208  -3023.22
209  -2710.54
210  -2384.16
211  -2063.34
212  -1761.17
213  -1484.68
214  -1240.82
215  -1031.72
216  -854.367
217  -706.801
218  -589.223
219  -497.819
220  -426.055
221  -370.566
222  -328.765
223  -293.438
224  -260.354
225  -230.133
226  -203.625
227  -181.273
228  -161.811
229  -147.403
230  -138.931
231  -135.33
232  -132.089
233  -130.361
234  -128.143
235  -124.223
236  -116.915
237  -109.532
238  -101.046
239  -93.1447
240  -87.8963
241  -86.7987
242  -88.8337
243  -90.7307
244  -92.9329
245  -94.8575
246  -94.8762
247  -91.4485
248  -85.5234
249  -78.8957
250  -73.9057
251  -70.9769
252  -69.8776
253  -69.9819
254  -70.791
255  -72.8731
256  -72.9578
257  -73.1814
258  -71.5271
259  -67.8115
260  -63.4714
261  -59.1858
262  -56.0469
263  -54.5019
264  -54.413
265  -58.4096
266  -62.1939
267  -67.5396
268  -72.0869
269  -75.3292
270  -75.6149
271  -73.3729
272  -70.28
273  -66.5289
274  -63.7721
275  -60.5913
276  -59.2926
277  -58.2218
278  -55.7922
279  -51.7953
280  -47.8322
281  -43.3371
282  -38.1153
283  -33.1918
284  -29.5379
285  -27.8256
286  -27.9612
287  -27.994
288  -28.6912
289  -29.9294
290  -29.5505
291  -28.1448
292  -25.3181
293  -22.8367
294  -21.2035
295  -19.744
296  -19.1972
297  -20.0394
298  -20.7345
299  -21.9902
300  -23.5241
301  -23.5478
302  -23.2431
303  -21.2787
304  -19.9273
305  -17.8464
306  -16.2477
307  -16.1846
308  -15.3295
309  -16.4806
310  -17.1534
311  -17.9325
312  -18.0979
313  -18.1179
314  -17.0832
315  -15.3553
316  -13.8576
317  -12.8613
318  -12.1856
319  -12.9311
320  -12.947
321  -13.4022
322  -14.4795
323  -14.3327
324  -13.3698
325  -12.9276
326  -10.0136
327  -9.01953
328  -9.29499
329  -8.31108
330  -8.84589
331  -9.2328
332  -10.2476
333  -11.5079
334  -12.2378
335  -12.94
336  -12.7227
337  -13.0983
338  -12.4344
339  -11.9978
340  -11.7128
341  -11.5469
342  -12.0008
343  -11.8057
344  -12.3181
345  -11.6138
346  -12.1341
347  -11.502
348  -9.82128
349  -8.33043
350  -7.72541
351  -6.73507
352  -4.66876
353  -4.35272
354  -3.7692
355  -4.29577
356  -4.10135
357  -4.26923
358  -4.18253
359  -2.37384
360  2.22499
361  8.19487
362  16.8471
363  24.6769
364  31.747
365  35.8049
366  36.9697
367  35.7128
368  31.3616
369  27.193
370  23.3105
371  18.3806
372  15.7315
373  13.491
374  10.9237
375  7.59903
376  5.12294
377  3.92612
378  2.35866
379  0.908311
380  0.448014
381  0.734115
382  1.06221
383  2.23979
384  2.81695
385  3.72405
386  4.02136
387  2.75976
388  -0.159706
389  -3.78652
390  -9.22585
391  -14.4859
392  -19.7437
393  -24.6202
394  -29.4459
395  -34.3789
396  -37.2352
397  -40.418
398  -41.7641
399  -43.1916
400  -42.3555
401  -41.125
402  -39.3373
403  -36.2539
404  -33.0786
405  -29.7787
406  -26.0318
407  -21.944
408  -18.0333
409  -13.3683
410  -8.08401
411  -0.726815
412  6.71642
413  13.1934
414  16.4556
415  17.6503
416  14.7301
417  7.52872
418  -2.53027
419  -13.6795
420  -23.8868
421  -32.6164
422  -39.018
423  -41.7969
424  -42.8419
425  -41.5637
426  -36.9849
427  -33.4006
428  -28.6529
429  -22.6558
430  -17.9548
431  -13.4187
432  -9.69428
433  -6.21635
434  -2.65882
435  -0.296058
436  1.6343
437  3.86402
438  5.83719
439  7.12676
440  7.32719
441  7.31785
442  7.81503
443  7.72625
444  7.32148
445  7.14103
446  7.58556
447  6.92875
448  6.71094
449  7.02029
450  6.95373
451  7.24064
452  7.45476
453  6.77552
454  5.98452
455  6.33061
456  5.14393
457  5.59702
458  5.56627
459  4.95302
460  5.19694
461  5.22074
462  5.36447
463  4.40884
464  4.34859
465  3.88275
466  4.57896
467  3.77844
468  3.67913
469  3.94641
470  4.12934
471  4.48732
472  4.56383
473  4.5218
474  4.13105
475  3.86469
476  3.26263
477  3.05711
478  3.78878
479  4.27066
480  4.38514
481  4.27416
482  3.9128
483  4.1133
484  3.28174
485  3.31568
486  2.6199
487  2.47631
488  2.86406
489  2.58133
490  2.68171
491  2.82169
492  2.54057
493  2.64275
494  2.8977
495  3.55651
496  2.97033
497  3.05332
498  3.12639
499  3.01492
500  3.08537
501  3.05544
502  3.2909
503  3.27253
504  2.87767
505  3.5675
506  3.00563
507  3.24701
508  3.58102
509  2.92137
510  2.78543
511  3.2949
512  3.26742
513  2.28461
514  2.41702
515  2.18731
516  2.05002
517  2.38224
518  2.78554
519  2.54015
520  2.91053
521  2.37455
522  2.46129
523  1.85695
524  1.19491
525  2.18327
526  2.12727
527  2.01459
528  2.37902
529  1.84378
530  2.12517
531  2.31809
532  1.7463
533  2.44216
534  2.30197
535  2.44213
536  2.58107
537  2.15924
538  2.47102
539  2.57318
540  2.27424
541  2.1306
542  2.32654
543  2.52247
544  2.49537
545  1.68988
546  1.84919
547  1.69559
548  2.53094
549  1.82302
550  2.42522
551  2.94529
552  2.51537
553  2.59211
554  2.94956
555  2.66578
556  3.11479
557  2.30266
558  2.72966
559  2.03732
560  2.59945
561  3.06065
562  3.11748
563  2.92661
564  2.65236
565  2.97984
566  2.06766
567  2.58273
568  2.89594
569  1.91349
570  2.20209
571  1.74492
572  1.90713
573  1.5722
574  1.75546
575  1.85468
576  1.19713
577  1.32891
578  1.06405
579  2.04132
580  1.54527
581  2.33601
582  2.34427
583  2.35325
584  1.86265
585  2.24686
586  2.21531
587  1.50204
588  1.19489
589  1.03385
590  0.743892
591  0.539497
592  0.698424
593  0.634165
594  0.521467
595  1.39505
596  0.850196
597  0.586895
598  0.552107
599  0.955452
