0  -0.149386
1  -0.49579
2  -0.496
3  0.297198
4  0.476638
5  -0.231071
6  0.012974
7  0.146326
8  0.406776
9  0.0598356
10  0.244736
11  -0.620266
12  -0.30999
13  -0.373872
14  -0.854215
15  -0.453739
16  0.0147467
17  0.00780648
18  -0.515355
19  0.39157
20  0.357169
21  0.204268
22  -0.142165
23  0.24142
24  -0.0443643
25  0.189961
26  0.111795
27  -0.446047
28  -0.370636
29  0.150925
30  0.090594
31  -0.0229886
32  -0.153728
33  0.320207
34  -0.0962608
35  -0.328745
36  -0.254661
37  -0.155784
38  0.0540594
39  -0.457866
40  0.0892513
41  0.00407997
42  0.160478
43  0.334765
44  -0.129388
45  -0.10425
46  0.218004
47  -0.467319
48  0.0720884
49  0.265915
50  0.424837
51  0.107577
52  0.365789
53  0.220918
54  -0.215497
55  0.00786135
56  0.278127
57  0.118616
58  0.462372
59  -0.0180209
60  0.232468
61  -0.420814
62  0.115154
63  -0.0121873
64  0.666064
65  0.291268
66  -0.330405
67  -0.312315
68  -0.13424
69  0.438076
70  -0.186015
71  -0.213851
72  -0.250707
73  0.449072
74  -0.20436
75  0.0987856
76  -0.108636
77  -0.229263
78  0.391976
79  -0.00914105
80  0.209987
81  -0.215206
82  -0.0437787
83  0.418013
84  0.134639
85  0.700079
86  0.198463
87  -0.112458
88  -0.141623
89  0.035386
90  -0.115096
91  -0.0647495
92  0.104536
93  -0.248543
94  -0.571145
95  0.268184
96  0.177356
97  -0.434382
98  0.0140879
99  -0.206518
100  -0.271203
101  0.34952
102  -0.264436
103  0.40882
104  0.374637
105  -0.087626
106  -0.139938
107  0.274635
108  0.193635
109  -0.129211
110  -0.162212
111  0.511809
112  -0.481997
113  -0.0680148
114  -0.060563
115  0.102428
116  0.651703
117  0.0318678
118  0.694794
119  -0.156495
120  0.0200546
121  -0.0401861
122  -0.0828105
123  0.363651
124  0.896123
125  -0.306938
126  -0.255235
127  -0.0543296
128  -0.441465
129  0.739833
130  -0.0756534
131  0.348562
132  -0.139499
133  -0.332532
134  0.186077
135  0.402277
136  0.633175
137  -0.436357
138  -0.0512638
139  -0.437206
140  -0.613916
141  -0.466809
142  -0.0661317
143  -0.247943
144  0.143332
145  0.0675753
146  0.144277
147  0.229001
148  0.0115552
149  -0.211643
150  0.0660702
151  0.395307
152  -0.615591
153  -0.231332
154  -0.404003
155  0.247829
156  -0.0747073
157  0.125833
158  0.0520901
159  -0.0352675
160  -0.00373563
161  0.424168
162  -0.180602
163  -0.474534
164  -0.170977
165  -0.785103
166  -0.260838
167  0.295571
168  0.0347204
169  -0.139997
170  -0.698513
171  -0.41799
172  0.100585
173  0.382933
174  0.232682
175  -0.0321101
176  -0.216151
177  0.147811
178  0.30914
179  -0.408705
180  -0.523918
181  0.0983555
182  -0.424215
183  -0.265195
184  -0.176722
185  -0.142767
186  0.107487
187  -0.471856
188  0.31299
189  0.228205
190  0.103997
191  0.107063
192  -0.137624
193  0.35426
194  -0.068433
195  0.134523
196  -1.28457
197  -23.2693
198  -148.392
199  -506.36
200  -1139.73
201  -1935.29
202  -2708.23
203  -3307.64
204  -3653.85
205  -3747.56
206  -3629.09
207  -3360.3
208  -3006.73
209  -2617.66
210  -2235.6
211  -1881.22
212  -1567.57
213  -1302.77
214  -1081.69
215  -900.855
216  -753.736
217  -634.315
218  -537.199
219  -458.66
220  -397.321
221  -349.655
222  -313.145
223  -283.779
224  -257.662
225  -233.378
226  -206.104
227  -179.376
228  -153.139
229  -129.66
230  -108.974
231  -92.0966
232  -80.0193
233  -71.4069
234  -66.1861
235  -62.9845
236  -63.3981
237  -65.3511
238  -68.7145
239  -72.0931
240  -76.3877
241  -80.0904
242  -82.4009
243  -84.5323
244  -85.9688
245  -85.9049
246  -85.9572
247  -85.7085
248  -84.1233
249  -82.3034
250  -79.9563
251  -78.0189
252  -75.7156
253  -74.2674
254  -72.0695
255  -70.2794
256  -68.7391
257  -66.8349
258  -64.1956
259  -61.9564
260  -59.9737
261  -57.9345
262  -56.1585
263  -53.5633
264  -51.9477
265  -50.2488
266  -48.2516
267  -47.328
268  -44.9673
269  -43.7573
270  -42.5118
271  -41.8964
272  -40.6347
273  -40.0342
274  -38.7849
275  -37.5146
276  -36.0966
277  -35.8052
278  -35.7569
279  -34.2594
280  -33.1469
281  -33.3392
282  -34.47
283  -35.0037
284  -36.6957
285  -37.1596
286  -34.9588
287  -33.3657
288  -29.9854
289  -26.3499
290  -23.1011
291  -19.7303
292  -17.1545
293  -14.8966
294  -13.2796
295  -12.2525
296  -11.9589
297  -10.9084
298  -11.3867
299  -11.2752
300  -11.2146
301  -10.4074
302  -10.7143
303  -11.4867
304  -10.9933
305  -10.8348
306  -11.2597
307  -11.389
308  -11.3678
309  -10.8443
310  -11.2215
311  -10.3598
312  -9.41818
313  -9.2134
314  -8.93921
315  -9.52096
316  -10.0371
317  -10.1393
318  -9.58241
319  -9.84633
320  -10.2379
321  -10.7214
322  -11.1406
323  -10.8198
324  -11.7813
325  -11.3158
326  -11.4677
327  -10.7917
328  -10.873
329  -10.2172
330  -10.6316
331  -9.96028
332  -9.69251
333  -9.83781
334  -9.43409
335  -8.85207
336  -8.93077
337  -8.0727
338  -7.34528
339  -7.44516
340  -6.84279
341  -7.17904
342  -6.54371
343  -6.57958
344  -6.34439
345  -6.26282
346  -6.30605
347  -6.08077
348  -6.14735
349  -6.37139
350  -6.23515
351  -8.11702
352  -8.26075
353  -8.56027
354  -8.594
355  -8.10705
356  -7.64163
357  -8.02257
358  -7.57898
359  -7.8879
360  -7.96882
361  -8.24163
362  -8.31935
363  -7.54556
364  -7.44876
365  -7.51974
366  -7.08354
367  -7.02672
368  -6.56195
369  -6.3948
370  -6.25965
371  -5.78056
372  -4.45704
373  -4.09893
374  -3.92523
375  -4.75255
376  -4.89216
377  -5.22714
378  -4.87331
379  -3.85259
380  -2.19627
381  -0.736747
382  0.523954
383  1.32547
384  1.34279
385  -0.232337
386  -2.22522
387  -4.78636
388  -6.59397
389  -7.44906
390  -8.21041
391  -8.8814
392  -8.89604
393  -9.29113
394  -9.13552
395  -7.65101
396  -6.96109
397  -6.61226
398  -5.2734
399  -5.13186
400  -5.78732
401  -7.83541
402  -10.1683
403  -11.6219
404  -13.0345
405  -12.5143
406  -12.6463
407  -12.7211
408  -14.0655
409  -14.596
410  -15.6679
411  -16.1511
412  -16.3834
413  -16.793
414  -17.6047
415  -19.951
416  -21.1079
417  -22.4979
418  -23.9275
419  -25.1222
420  -25.0646
421  -24.3348
422  -23.7442
423  -22.3858
424  -20.0572
425  -16.8821
426  -13.15
427  -9.55742
428  -5.32271
429  -0.903769
430  3.42982
431  6.40946
432  9.04207
433  9.76748
434  7.67807
435  3.02054
436  -3.58912
437  -11.0818
438  -16.9435
439  -22.0521
440  -25.7956
441  -26.9384
442  -27.6802
443  -25.8273
444  -23.196
445  -19.1283
446  -15.4142
447  -12.2427
448  -7.77185
449  -4.46505
450  -1.65745
451  0.886055
452  2.44344
453  3.45438
454  4.89015
455  5.77401
456  6.87245
457  6.8647
458  7.48301
459  7.47871
460  7.60342
461  7.45957
462  7.37531
463  7.08759
464  7.60621
465  7.85629
466  8.02795
467  8.40309
468  8.7934
469  8.29556
470  7.75687
471  7.34591
472  7.16531
473  7.12267
474  7.387
475  6.35399
476  5.95132
477  5.92567
478  5.13451
479  5.40972
480  4.23209
481  5.895
482  4.68697
483  5.09277
484  5.20262
485  4.36373
486  3.96676
487  4.56734
488  3.43439
489  3.69325
490  3.67934
491  3.36173
492  3.96273
493  3.54268
494  3.59202
495  3.40712
496  4.06988
497  3.74284
498  3.74328
499  3.69121
500  3.77502
501  3.47189
502  3.5811
503  3.39262
504  3.07373
505  4.11548
506  3.6175
507  3.06684
508  3.36378
509  3.96874
510  3.81579
511  3.62932
512  3.24756
513  3.13751
514  3.5945
515  2.99955
516  3.40499
517  3.60493
518  3.02387
519  2.4436
520  2.81634
521  2.93496
522  2.25165
523  2.09576
524  2.23414
525  3.51732
526  3.33056
527  3.52211
528  2.96399
529  2.99659
530  2.34426
531  2.79948
532  1.96431
533  2.715
534  2.107
535  2.34078
536  2.47513
537  2.23973
538  2.48183
539  2.67029
540  2.60695
541  2.93477
542  1.96512
543  2.79112
544  2.24229
545  2.23437
546  2.28466
547  2.42964
548  2.30053
549  1.98289
550  1.99994
551  1.94611
552  2.20622
553  2.40026
554  1.91138
555  2.08668
556  1.2614
557  2.22859
558  1.75371
559  1.97971
560  1.29622
561  1.42428
562  1.48861
563  1.4479
564  1.775
565  1.69757
566  1.87954
567  1.33105
568  1.15206
569  1.17895
570  1.28247
571  1.23651
572  2.03354
573  1.17503
574  1.01322
575  0.984457
576  1.33221
577  1.32636
578  1.73967
579  1.11956
580  0.742871
581  1.35038
582  1.08357
583  1.54783
584  1.44094
585  1.79723
586  1.51328
587  1.70603
588  1.16808
589  1.02072
590  0.923577
591  0.964585
592  0.987107
593  0.98513
594  1.28153
595  1.08877
596  1.42168
597  1.91576
598  1.31699
599  1.25278
