0  -0.454851
1  0.0854108
2  -0.301162
3  -0.616442
4  0.454653
5  -0.235126
6  0.222969
7  -0.0581493
8  -0.392393
9  -0.709345
10  -0.03868
11  -0.353828
12  -0.325291
13  -0.409045
14  0.153229
15  0.176454
16  0.0634293
17  0.389405
18  0.322195
19  -0.194155
20  -0.0875475
21  -0.271389
22  -0.636904
23  -0.367285
24  -0.134769
25  0.512236
26  -0.00273142
27  -0.105238
28  -0.00738323
29  -0.0575325
30  -0.209377
31  -0.237594
32  0.275995
33  -0.00459537
34  0.25344
35  0.00441819
36  0.406817
37  -0.45014
38  0.178131
39  0.390143
40  0.445626
41  0.136789
42  0.2896
43  0.305806
44  0.594682
45  0.0225886
46  -0.0131812
47  -0.0949783
48  0.167412
49  0.179246
50  0.413814
51  0.386348
52  -0.104841
53  0.3405
54  0.708161
55  1.26323
56  0.00529498
57  0.186587
58  -0.313069
59  -0.0807763
60  0.0430447
61  0.0486182
62  0.569826
63  -0.0739028
64  0.163129
65  0.324692
66  -0.077656
67  0.594558
68  0.295853
69  0.114319
70  0.347548
71  0.0587434
72  -0.127611
73  -0.273643
74  -0.621262
75  -0.0632047
76  0.266379
77  -0.412201
78  -0.254238
79  -0.773773
80  0.696621
81  0.284722
82  -0.378945
83  0.0957353
84  -0.399927
85  -0.393035
86  -0.0217538
87  1.03338
88  0.132487
89  0.407201
90  0.062628
91  0.258988
92  -0.241576
93  -0.596178
94  0.244377
95  0.0495523
96  -0.486803
97  -0.77934
98  -0.501807
99  -0.111692
100  -0.520195
101  -0.327272
102  0.0334964
103  -0.504666
104  -0.103034
105  -0.365708
106  0.195644
107  0.219001
108  0.209725
109  -0.623687
110  0.283569
111  -0.363181
112  0.389315
113  0.130783
114  0.445202
115  0.386345
116  0.0157932
117  0.161838
118  -0.0562054
119  -0.321496
120  -0.516375
121  0.124297
122  0.452121
123  -0.30474
124  0.306982
125  -0.164373
126  0.238566
127  0.496409
128  0.0651092
129  0.530188
130  0.374737
131  -0.354123
132  -0.228574
133  0.371378
134  0.59521
135  -0.325354
136  0.925303
137  -0.0767404
138  -0.460814
139  -0.143513
140  -0.00535495
141  0.347472
142  -0.0955164
143  -0.117865
144  0.252938
145  -0.674374
146  0.87938
147  0.447797
148  0.0913872
149  0.0956947
150  -0.374178
151  -0.0467276
152  -0.0649669
153  -0.337093
154  0.165727
155  0.3919
156  -0.347499
157  -0.0680224
158  0.354868
159  0.75684
160  0.146215
161  0.0358504
162  -0.0773872
163  -0.186432
164  -0.63925
165  -0.513066
166  -0.0834936
167  -0.324374
168  0.35243
169  0.434455
170  0.301741
171  0.346876
172  -0.741266
173  0.771441
174  0.211669
175  -0.0395102
176  -0.250552
177  0.207313
178  0.278821
179  0.0781815
180  0.139885
181  -0.19294
182  0.138731
183  -0.0221895
184  0.141387
185  0.248711
186  0.603593
187  -0.401873
188  0.128105
189  0.156518
190  -0.109592
191  0.16079
192  0.554906
193  -0.19948
194  -0.675056
195  -0.400001
196  -1.18529
197  -19.9574
198  -132.909
199  -473.796
200  -1091.75
201  -1872.28
202  -2617.27
203  -3179.34
204  -3495.16
205  -3578.4
206  -3488.48
207  -3288.82
208  -3021.71
209  -2715.64
210  -2395.62
211  -2082.79
212  -1787.34
213  -1518.45
214  -1282.48
215  -1077.03
216  -902.806
217  -757.152
218  -636.817
219  -539.528
220  -463.257
221  -405.722
222  -360.242
223  -324.186
224  -293.337
225  -265.746
226  -241.338
227  -218.015
228  -196.543
229  -178.115
230  -163.48
231  -153.751
232  -149.352
233  -145.579
234  -143.261
235  -140.326
236  -136.955
237  -131.314
238  -124.564
239  -116.971
240  -109.273
241  -103.549
242  -98.8557
243  -96.9699
244  -97.0853
245  -99.1213
246  -101.387
247  -102.26
248  -101.766
249  -99.1621
250  -95.3115
251  -89.5767
252  -84.1066
253  -78.8259
254  -76.2837
255  -74.9685
256  -76.3007
257  -78.6205
258  -80.897
259  -81.0126
260  -79.8229
261  -76.0672
262  -70.4403
263  -64.6718
264  -60.4574
265  -57.2881
266  -56.8326
267  -60.0374
268  -65.9068
269  -71.0961
270  -75.1842
271  -76.7205
272  -75.2798
273  -71.8841
274  -66.2155
275  -60.3491
276  -54.8815
277  -50.3877
278  -47.6671
279  -46.0711
280  -45.9331
281  -45.3543
282  -45.1613
283  -43.5657
284  -42.1078
285  -39.1595
286  -35.2374
287  -32.5229
288  -30.003
289  -28.6277
290  -27.9324
291  -27.8316
292  -30.2442
293  -31.9498
294  -32.1459
295  -31.7014
296  -30.9778
297  -28.5809
298  -26.3868
299  -23.5881
300  -20.7371
301  -19.661
302  -20.0841
303  -20.7441
304  -20.9234
305  -21.3426
306  -22.5046
307  -22.3124
308  -20.4573
309  -18.8189
310  -17.5212
311  -16.4876
312  -15.79
313  -15.7838
314  -16.9783
315  -17.4952
316  -18.589
317  -19.2364
318  -20.0449
319  -19.5521
320  -18.9326
321  -17.5273
322  -16.3252
323  -14.4779
324  -14.3283
325  -13.3306
326  -13.8092
327  -13.9214
328  -14.6428
329  -15.2957
330  -15.039
331  -13.4272
332  -12.9932
333  -12.5418
334  -11.3405
335  -12.3147
336  -12.2496
337  -13.3427
338  -13.7193
339  -14.8302
340  -16.6301
341  -16.0745
342  -15.6661
343  -15.4715
344  -14.4121
345  -12.7713
346  -11.4082
347  -10.418
348  -9.99549
349  -9.67455
350  -10.0254
351  -9.65559
352  -9.16477
353  -9.75833
354  -9.0876
355  -8.78742
356  -8.73925
357  -8.81778
358  -9.30909
359  -7.17797
360  -3.91904
361  -0.254175
362  3.98083
363  8.45414
364  12.6497
365  15.9732
366  17.8844
367  20.3611
368  22.6005
369  24.3964
370  25.5975
371  24.7263
372  23.9626
373  21.8682
374  18.9806
375  16.7635
376  14.1405
377  12.4577
378  12.0498
379  12.0414
380  12.8354
381  14.6916
382  15.4496
383  16.2132
384  16.5211
385  15.9511
386  13.3062
387  10.8773
388  6.76937
389  2.97586
390  0.00738875
391  -2.28191
392  -5.1198
393  -7.66955
394  -10.3767
395  -13.0813
396  -17.4208
397  -21.7717
398  -25.2624
399  -27.6495
400  -29.2398
401  -28.9838
402  -26.7327
403  -23.9814
404  -18.8966
405  -14.9196
406  -12.2455
407  -9.61053
408  -9.16441
409  -9.11036
410  -6.97118
411  -5.42058
412  -2.47103
413  -0.688206
414  -1.18711
415  -4.22626
416  -11.0185
417  -20.9695
418  -33.1297
419  -45.1796
420  -54.4706
421  -61.8733
422  -65.7878
423  -66.4926
424  -64.4067
425  -60.495
426  -54.4125
427  -48.2408
428  -41.1384
429  -34.6515
430  -27.7692
431  -21.7489
432  -16.5969
433  -12.7976
434  -8.38548
435  -4.67685
436  -2.03864
437  1.11949
438  3.36824
439  4.5416
440  6.48805
441  6.79625
442  7.02513
443  7.67676
444  7.2524
445  6.66377
446  7.13968
447  7.2279
448  6.7565
449  6.74801
450  6.20608
451  6.00229
452  6.00308
453  6.51106
454  5.76422
455  4.90918
456  5.05707
457  3.97596
458  4.14888
459  3.17699
460  3.74745
461  3.89789
462  3.93695
463  3.60169
464  3.83259
465  3.32743
466  3.09625
467  3.08507
468  2.85218
469  2.02799
470  2.16795
471  2.39526
472  2.76214
473  1.93684
474  2.72329
475  3.27768
476  2.9747
477  2.43192
478  2.46184
479  2.56625
480  3.04367
481  2.19662
482  2.30599
483  2.62465
484  2.07414
485  2.39098
486  2.76562
487  2.28463
488  2.25781
489  2.17535
490  1.29759
491  2.21782
492  1.74321
493  1.72553
494  2.23002
495  1.60126
496  1.91193
497  2.54149
498  2.59333
499  2.25661
500  1.89341
501  2.02015
502  2.24379
503  1.71027
504  2.50462
505  2.28638
506  1.98105
507  1.37828
508  2.32247
509  2.45012
510  2.364
511  2.86131
512  2.42139
513  2.00589
514  2.13625
515  2.11167
516  1.71114
517  2.32568
518  2.55248
519  1.98224
520  2.5756
521  1.91422
522  2.21946
523  1.9891
524  2.13364
525  1.53593
526  1.1434
527  1.1982
528  0.235323
529  1.33591
530  0.644924
531  1.30708
532  1.0212
533  1.83693
534  1.43738
535  0.575655
536  0.611101
537  1.00206
538  1.14462
539  0.724694
540  0.429735
541  0.137733
542  0.98947
543  0.566154
544  1.06915
545  1.37532
546  1.09853
547  1.11081
548  1.24793
549  0.602889
550  0.253797
551  0.573339
552  0.786841
553  0.92303
554  1.11903
555  1.21863
556  1.39284
557  1.11963
558  1.29481
559  0.78022
560  1.35142
561  1.39626
562  1.48287
563  1.01812
564  1.08364
565  0.996785
566  1.55844
567  0.782112
568  1.32293
569  0.43522
570  0.212436
571  0.577304
572  0.833209
573  0.931199
574  0.938224
575  0.877643
576  0.962783
577  1.63522
578  1.48484
579  1.87036
580  1.46215
581  1.11493
582  1.24257
583  1.6566
584  1.87457
585  1.79564
586  1.6762
587  1.48306
588  1.97688
589  1.51988
590  1.66908
591  1.2707
592  1.35391
593  0.638342
594  0.804697
595  1.44318
596  1.42501
597  1.21753
598  0.672475
599  1.695
