0  0.454175
1  -0.275249
2  0.263175
3  -0.254428
4  -0.204112
5  0.00252258
6  -0.725848
7  -0.114157
8  0.662516
9  0.143799
10  -0.913268
11  0.0766671
12  0.174728
13  0.699103
14  1.60797
15  0.318754
16  -0.796019
17  -0.331742
18  0.360526
19  -0.967113
20  0.331466
21  0.0764364
22  -0.0943186
23  -0.0934168
24  -0.532178
25  -0.0800344
26  0.0983132
27  0.276828
28  0.0269942
29  -0.154003
30  -0.778957
31  -0.904842
32  -0.651305
33  0.0533333
34  -0.8475
35  0.508889
36  -0.0489147
37  -1.44496
38  0.431192
39  0.0741321
40  0.365612
41  -0.0848796
42  -0.469265
43  0.443494
44  -1.58469
45  -0.40249
46  -0.410378
47  0.631975
48  0.592684
49  0.19044
50  0.627292
51  -0.582966
52  -0.0571857
53  0.0570515
54  1.10787
55  0.727919
56  0.0246403
57  -0.361014
58  -0.054568
59  -0.882639
60  -0.333823
61  -0.0221282
62  0.290809
63  -0.368284
64  -0.530949
65  -0.494793
66  -0.816262
67  0.13591
68  0.451274
69  0.0529207
70  0.733391
71  -0.225547
72  -0.520496
73  0.976146
74  0.3304
75  -0.0185594
76  -0.0327496
77  0.470766
78  -0.511043
79  0.18759
80  -0.103743
81  -0.573397
82  -0.00881398
83  -0.868982
84  -0.0256745
85  -0.490778
86  0.403479
87  -0.124144
88  0.303407
89  -0.0559652
90  0.37935
91  -0.127854
92  -0.692131
93  0.284729
94  0.412746
95  -0.502704
96  0.00367549
97  -0.310722
98  -0.083917
99  0.0743679
100  0.058513
101  -0.26801
102  0.154328
103  -0.330948
104  -0.529809
105  0.143091
106  0.655134
107  -0.228316
108  0.536216
109  0.353074
110  -0.770377
111  0.553086
112  -0.828877
113  0.220629
114  0.0570967
115  0.338629
116  0.614546
117  -0.498376
118  -0.0911243
119  1.47888
120  0.505556
121  -0.228307
122  0.236282
123  -0.37407
124  0.0159891
125  -0.197112
126  0.18889
127  0.502354
128  0.363061
129  0.492121
130  0.245397
131  0.176644
132  0.0120018
133  -0.501327
134  1.24087
135  0.213504
136  0.0554659
137  0.113914
138  -0.00441548
139  -0.606954
140  0.466471
141  0.605705
142  -0.0559597
143  0.513765
144  0.485746
145  0.577003
146  0.441827
147  -0.181917
148  -0.351973
149  -0.211965
150  -0.455037
151  0.778674
152  0.20531
153  -1.04992
154  0.549514
155  0.450361
156  0.492261
157  0.110541
158  -0.195971
159  -0.490225
160  0.21378
161  0.188602
162  -0.216065
163  -0.594252
164  -0.620816
165  -0.55037
166  -0.361622
167  -0.208819
168  0.139897
169  -0.725391
170  0.237089
171  -0.375047
172  -0.468194
173  -0.408283
174  -1.43422
175  -0.0465406
176  0.352241
177  -0.21964
178  -0.754739
179  -0.0659306
180  0.440315
181  0.297139
182  0.903741
183  0.444
184  -0.0579544
185  0.563543
186  -0.062664
187  -0.483642
188  0.178919
189  -0.280767
190  -0.778567
191  -0.721677
192  0.211787
193  -0.66275
194  -0.812004
195  -0.688587
196  -2.04277
197  -23.3703
198  -154.344
199  -537.674
200  -1211.58
201  -2056.61
202  -2880.73
203  -3519.63
204  -3886.67
205  -3983.71
206  -3862.83
207  -3585.05
208  -3215.3
209  -2810.3
210  -2408.96
211  -2033.88
212  -1700.58
213  -1415.29
214  -1176.25
215  -982.253
216  -823.004
217  -694.722
218  -589.49
219  -505.85
220  -439.761
221  -386.886
222  -344.175
223  -309.96
224  -279.347
225  -251.136
226  -220.388
227  -191.643
228  -164.49
229  -139.979
230  -116.597
231  -99.0045
232  -85.4321
233  -75.3972
234  -69.8879
235  -67.1791
236  -66.1037
237  -65.191
238  -65.9952
239  -65.9069
240  -66.703
241  -67.5544
242  -67.5274
243  -66.9951
244  -65.5538
245  -64.1977
246  -64.9581
247  -64.1916
248  -63.2579
249  -62.5539
250  -63.057
251  -62.0413
252  -61.6859
253  -59.8171
254  -59.689
255  -60.353
256  -60.3754
257  -60.2069
258  -60.4763
259  -59.63
260  -59.3548
261  -58.9611
262  -57.5336
263  -56.0388
264  -54.5621
265  -52.1808
266  -51.3809
267  -49.4676
268  -47.7983
269  -45.9762
270  -45.3118
271  -43.889
272  -42.9741
273  -44.1084
274  -43.2013
275  -45.1343
276  -43.91
277  -45.4806
278  -43.6792
279  -42.8637
280  -42.7315
281  -42.2988
282  -43.6667
283  -46.5893
284  -48.3335
285  -50.62
286  -49.7652
287  -48.5211
288  -46.6286
289  -43.8866
290  -40.2798
291  -36.4863
292  -32.7487
293  -29.5465
294  -26.8631
295  -25.2731
296  -23.1777
297  -20.5809
298  -19.3081
299  -19.2706
300  -17.1723
301  -16.5451
302  -17.9832
303  -16.6909
304  -15.1067
305  -16.7732
306  -16.3175
307  -14.8193
308  -15.1663
309  -15.0639
310  -13.6642
311  -13.6517
312  -13.0398
313  -13.0829
314  -11.2035
315  -10.7845
316  -10.2208
317  -11.0022
318  -11.0413
319  -10.1983
320  -11.3399
321  -12.7071
322  -12.0433
323  -10.5717
324  -10.1718
325  -10.3401
326  -10.2845
327  -11.0859
328  -10.3866
329  -10.9545
330  -11.7846
331  -12.1798
332  -12.4856
333  -9.99354
334  -10.9054
335  -10.9408
336  -10.6795
337  -10.3735
338  -10.6577
339  -9.94704
340  -9.46948
341  -9.73378
342  -8.43079
343  -8.34539
344  -8.64685
345  -9.84905
346  -9.04321
347  -7.94834
348  -7.99177
349  -8.15707
350  -9.15148
351  -8.00271
352  -10.0875
353  -8.02648
354  -8.65903
355  -9.32574
356  -9.60224
357  -9.34292
358  -10.5544
359  -9.83513
360  -9.51699
361  -9.73705
362  -9.44429
363  -8.46396
364  -7.42381
365  -6.9648
366  -5.75464
367  -4.54594
368  -4.42221
369  -4.47391
370  -4.9318
371  -5.36209
372  -5.96832
373  -5.69845
374  -5.69535
375  -6.53609
376  -5.95846
377  -6.01898
378  -6.85756
379  -6.99515
380  -6.80731
381  -6.63233
382  -6.01897
383  -6.37649
384  -6.50217
385  -6.3732
386  -6.29513
387  -5.77079
388  -4.04714
389  -2.5375
390  -0.386206
391  2.05067
392  2.80753
393  3.45085
394  4.2187
395  3.1999
396  2.91295
397  1.41549
398  0.762066
399  0.295659
400  -0.288007
401  -0.852994
402  -2.86335
403  -4.49092
404  -6.15785
405  -9.11648
406  -10.2502
407  -13.0739
408  -15.9591
409  -17.1228
410  -17.9944
411  -19.2768
412  -18.9369
413  -17.1858
414  -17.3333
415  -16.7028
416  -15.8091
417  -14.6949
418  -15.0853
419  -15.7621
420  -15.3567
421  -15.4582
422  -16.0938
423  -16.6104
424  -16.2445
425  -16.5898
426  -17.1323
427  -17.3746
428  -17.3685
429  -16.755
430  -17.3149
431  -16.6283
432  -15.4563
433  -14.2103
434  -11.2304
435  -10.3382
436  -9.21399
437  -8.98025
438  -9.52217
439  -8.50567
440  -10.1429
441  -11.2997
442  -12.2322
443  -14.1652
444  -17.7936
445  -23.5535
446  -28.5921
447  -32.6557
448  -36.7324
449  -37.8499
450  -36.1175
451  -33.1813
452  -26.2671
453  -22.0196
454  -14.8528
455  -8.6222
456  -4.06436
457  -0.16193
458  3.35682
459  6.24566
460  8.25927
461  10.3705
462  11.5424
463  11.93
464  12.2464
465  12.0726
466  12.9201
467  12.1221
468  12.3449
469  11.6344
470  10.7036
471  10.3321
472  10.8185
473  9.73845
474  10.6285
475  10.6558
476  10.3335
477  10.6405
478  9.41942
479  9.43967
480  7.98855
481  8.92553
482  8.51923
483  8.44184
484  6.35514
485  7.44503
486  6.41744
487  5.65903
488  5.72879
489  6.06682
490  5.58772
491  5.87532
492  5.0257
493  4.28478
494  4.84015
495  4.724
496  5.00175
497  5.06724
498  5.02953
499  4.22473
500  3.766
501  3.98396
502  4.61682
503  3.62789
504  4.01016
505  3.07488
506  3.93253
507  4.41893
508  3.07186
509  3.37318
510  3.42659
511  4.61698
512  3.51109
513  2.67782
514  3.2475
515  4.05876
516  4.15145
517  3.15547
518  3.60115
519  3.89158
520  4.09437
521  2.75099
522  3.70394
523  2.9882
524  2.31853
525  2.28508
526  3.38882
527  1.62278
528  2.49751
529  3.00395
530  2.62033
531  2.32793
532  1.75501
533  2.7398
534  1.97972
535  2.67
536  3.10914
537  3.02375
538  2.41121
539  3.55683
540  3.006
541  3.05959
542  2.81666
543  2.63223
544  3.62603
545  4.50601
546  2.94857
547  2.63804
548  2.62284
549  2.58413
550  1.51737
551  2.1024
552  2.43913
553  2.12527
554  1.90595
555  1.35391
556  1.97234
557  2.54536
558  2.28901
559  2.80182
560  2.26995
561  1.75814
562  1.56625
563  2.30971
564  2.10299
565  2.28609
566  0.597301
567  2.18667
568  1.27793
569  0.429938
570  2.19547
571  2.29834
572  2.25331
573  2.20537
574  1.97229
575  2.14226
576  1.32679
577  -0.0620545
578  -0.0656438
579  0.231085
580  0.0531864
581  0.309358
582  1.60757
583  1.49402
584  1.51709
585  1.99081
586  1.81388
587  0.992197
588  0.247012
589  1.88777
590  1.81996
591  1.56067
592  1.85778
593  1.06133
594  1.52446
595  2.41473
596  1.43
597  1.2948
598  1.13185
599  1.44849
