0  0.178531
1  -0.22568
2  -0.0281023
3  0.062772
4  0.251957
5  0.0365391
6  0.120836
7  0.286209
8  -0.10013
9  0.114218
10  -0.0303395
11  0.32705
12  -0.431738
13  -0.502095
14  -0.156515
15  -0.270591
16  -0.454611
17  -0.106275
18  -0.40353
19  -0.279582
20  0.636497
21  0.2383
22  -0.0370294
23  -0.06641
24  -0.281919
25  -0.120822
26  0.292096
27  -0.237428
28  0.236878
29  0.711025
30  -0.307633
31  -0.0376964
32  -0.955
33  -0.295881
34  -0.40383
35  0.0635102
36  0.505054
37  0.525354
38  -0.166198
39  0.437702
40  0.515052
41  -0.0611819
42  0.354645
43  -0.0203107
44  -0.193253
45  -0.0321636
46  0.0529279
47  0.273576
48  -0.224333
49  -0.323427
50  0.00882586
51  0.12069
52  0.528068
53  -0.0390076
54  -0.15929
55  0.22214
56  0.277348
57  0.138964
58  -0.208505
59  0.542243
60  0.228655
61  0.212082
62  -0.577628
63  -0.293049
64  -0.0343757
65  -0.329696
66  0.263957
67  -0.79714
68  0.404672
69  0.458566
70  -0.237534
71  0.247675
72  0.670948
73  0.965361
74  -0.107869
75  -0.596878
76  -0.424664
77  0.465189
78  0.358167
79  0.12324
80  -0.426963
81  -0.124406
82  0.0890237
83  0.390405
84  0.0120173
85  0.251281
86  0.34313
87  0.515495
88  0.297243
89  -0.516962
90  -0.368094
91  -0.0278553
92  0.200092
93  0.0744559
94  0.496036
95  0.165263
96  0.551392
97  0.455477
98  0.0651894
99  -0.149379
100  -0.528531
101  -0.81551
102  -0.305338
103  -0.191851
104  0.0141334
105  -0.599779
106  -0.187372
107  -0.368119
108  -0.225876
109  -0.508488
110  -0.620807
111  0.244635
112  -0.141868
113  -0.022146
114  0.335479
115  -0.782121
116  -0.497411
117  -0.193164
118  0.303857
119  -0.0750722
120  -0.766381
121  -0.266009
122  0.231238
123  -0.236292
124  -0.165692
125  -0.454831
126  0.255728
127  -0.0898964
128  0.0706864
129  -0.888438
130  0.315214
131  0.396245
132  0.198929
133  0.162253
134  -0.106667
135  -0.106322
136  -0.238836
137  0.06927
138  -0.725278
139  0.517384
140  0.844574
141  0.272692
142  0.0993377
143  0.492027
144  0.0225976
145  -0.090947
146  0.0156346
147  -0.201465
148  -0.0170419
149  0.544537
150  -0.0068949
151  0.223699
152  0.511536
153  0.358728
154  0.233026
155  0.513598
156  0.0949641
157  0.0553018
158  -0.560264
159  0.198254
160  0.760522
161  0.0827576
162  -0.0960751
163  0.306956
164  0.584825
165  0.512764
166  0.16153
167  0.291001
168  -0.00245144
169  -0.344126
170  -0.614962
171  -0.535164
172  -0.0159616
173  -0.289858
174  0.369915
175  0.176982
176  -0.755107
177  -0.0621784
178  -0.101182
179  0.0224189
180  -0.102235
181  -0.0981497
182  0.334491
183  -0.388077
184  -0.205487
185  0.071179
186  -0.721756
187  -0.0287256
188  -0.083107
189  0.0668766
190  -0.407053
191  -0.29764
192  0.457065
193  0.300776
194  -0.1177
195  0.0385219
196  -1.68371
197  -19.7769
198  -133.792
199  -485.187
200  -1136.56
201  -1962.2
202  -2750.82
203  -3338.33
204  -3653.15
205  -3717.55
206  -3599.84
207  -3363.63
208  -3061.84
209  -2728.36
210  -2385.84
211  -2056.28
212  -1753.81
213  -1482.26
214  -1246.21
215  -1043.36
216  -870.435
217  -726.861
218  -610.117
219  -515.56
220  -439.316
221  -379.618
222  -334.301
223  -298.847
224  -269.235
225  -243.15
226  -219.253
227  -197.289
228  -175.288
229  -154.179
230  -136.224
231  -123.361
232  -116.019
233  -111.77
234  -110.473
235  -112.236
236  -114.451
237  -115.718
238  -112.56
239  -107.626
240  -101.31
241  -93.5747
242  -85.1987
243  -76.7434
244  -72.3496
245  -70.727
246  -72.7116
247  -75.364
248  -77.7179
249  -81.2803
250  -82.9351
251  -80.7201
252  -75.3617
253  -68.2635
254  -61.4905
255  -55.0399
256  -51.0921
257  -49.0101
258  -48.6409
259  -50.6164
260  -53.5729
261  -55.2251
262  -54.5303
263  -53.5069
264  -51.1289
265  -48.5519
266  -44.7144
267  -43.4867
268  -42.461
269  -42.188
270  -41.7099
271  -40.7819
272  -41.2185
273  -41.9713
274  -41.3989
275  -38.6248
276  -35.2344
277  -30.581
278  -25.6987
279  -21.46
280  -18.079
281  -17.125
282  -18.9371
283  -20.1003
284  -22.7171
285  -25.038
286  -27.7838
287  -27.9105
288  -27.0363
289  -24.9798
290  -21.6609
291  -19.5628
292  -17.1952
293  -16.2467
294  -15.9785
295  -17.5803
296  -20.0612
297  -21.9087
298  -22.6246
299  -23.1612
300  -21.8976
301  -20.2302
302  -17.9396
303  -14.3644
304  -12.5534
305  -11.8714
306  -12.0015
307  -12.7256
308  -14.4565
309  -16.0572
310  -17.4332
311  -18.1392
312  -17.3984
313  -16.1746
314  -14.0986
315  -11.987
316  -9.92881
317  -9.19328
318  -9.04708
319  -9.6844
320  -11.0899
321  -12.1847
322  -13.1185
323  -14.4292
324  -14.5023
325  -13.0922
326  -11.3735
327  -8.12015
328  -6.86326
329  -4.96594
330  -4.44581
331  -4.48851
332  -6.11726
333  -8.27286
334  -9.72951
335  -11.6649
336  -11.7685
337  -11.165
338  -10.294
339  -9.17769
340  -7.89989
341  -6.83632
342  -7.57144
343  -8.32896
344  -8.45103
345  -9.53581
346  -10.7124
347  -11.2773
348  -12.0158
349  -10.5699
350  -8.1093
351  -7.27131
352  -4.35832
353  -3.04096
354  -1.48856
355  -1.53158
356  -2.29401
357  -4.03001
358  -5.9295
359  -5.89993
360  -4.65549
361  -1.57775
362  3.42403
363  9.03773
364  13.1268
365  17.8286
366  20.2074
367  21.7168
368  21.3431
369  19.939
370  18.0128
371  15.0366
372  11.7272
373  8.75366
374  5.41914
375  2.41962
376  0.144611
377  -1.82943
378  -4.42177
379  -7.25443
380  -9.17765
381  -10.2894
382  -10.4889
383  -9.30901
384  -8.47843
385  -5.19902
386  -1.83175
387  1.11158
388  4.68416
389  6.84828
390  9.40615
391  10.7256
392  10.5495
393  9.09608
394  6.63482
395  3.31414
396  -1.36888
397  -5.63995
398  -9.61042
399  -11.4884
400  -13.1614
401  -12.3803
402  -12.6424
403  -12.1366
404  -13.7035
405  -14.8042
406  -16.8286
407  -18.6459
408  -19.6385
409  -20.5819
410  -18.6696
411  -15.0263
412  -10.9912
413  -6.27499
414  -2.03589
415  -1.59472
416  -3.85949
417  -11.1155
418  -21.1083
419  -34.7019
420  -47.1789
421  -55.816
422  -60.5692
423  -61.4061
424  -58.9429
425  -53.8279
426  -46.7523
427  -38.6858
428  -31.3171
429  -24.5224
430  -18.7021
431  -13.3402
432  -8.36737
433  -5.49282
434  -2.06407
435  0.0607567
436  2.66018
437  5.00538
438  6.73942
439  8.1607
440  8.8983
441  9.26749
442  8.85542
443  7.92206
444  7.3007
445  6.43942
446  6.40207
447  6.33402
448  6.86622
449  7.1174
450  7.07461
451  8.01464
452  8.62669
453  7.81931
454  7.44714
455  6.66148
456  5.70826
457  5.36041
458  4.31574
459  4.71388
460  5.06804
461  5.50027
462  5.4352
463  5.29752
464  5.86281
465  6.25777
466  5.87816
467  5.55831
468  4.32878
469  3.65828
470  3.58173
471  2.80099
472  3.37237
473  4.0928
474  4.70971
475  4.89144
476  5.30481
477  5.21907
478  5.38324
479  4.13393
480  4.24645
481  4.02692
482  2.88426
483  2.87195
484  2.86264
485  3.51697
486  3.14383
487  3.67515
488  4.35988
489  4.18889
490  4.4261
491  3.82075
492  3.23112
493  3.45853
494  3.23046
495  2.78521
496  2.71883
497  3.01383
498  3.9663
499  3.82103
500  3.98482
501  3.91129
502  3.85703
503  3.43156
504  3.51231
505  3.61559
506  2.5926
507  2.50731
508  2.74379
509  1.94504
510  2.29794
511  2.78982
512  2.96076
513  2.96734
514  2.75238
515  1.95226
516  2.81831
517  2.52763
518  1.44057
519  2.12298
520  1.60628
521  1.77952
522  1.94049
523  3.09021
524  2.95931
525  2.63895
526  1.77412
527  2.57105
528  2.68774
529  1.79542
530  1.17696
531  1.75875
532  0.762062
533  1.35153
534  1.34645
535  1.73617
536  2.21212
537  2.24784
538  3.00606
539  2.11083
540  2.56936
541  1.68187
542  2.17343
543  1.75393
544  1.2131
545  1.25167
546  2.12142
547  2.1545
548  2.01483
549  2.67523
550  2.90751
551  2.4782
552  2.16604
553  1.1435
554  1.27081
555  1.05117
556  1.20591
557  1.64734
558  1.4373
559  1.69966
560  2.36514
561  2.29614
562  1.20859
563  1.80988
564  1.30655
565  1.45882
566  1.15602
567  1.88023
568  1.97636
569  2.03478
570  1.72922
571  2.01501
572  0.88465
573  2.34033
574  2.1194
575  2.46885
576  2.15558
577  1.7623
578  1.33803
579  1.00556
580  1.44342
581  1.88933
582  2.29342
583  1.80097
584  2.38481
585  2.16558
586  2.38529
587  2.42055
588  2.67307
589  1.83019
590  1.76231
591  1.38774
592  0.98187
593  1.12584
594  0.727314
595  0.795276
596  0.975815
597  0.661988
598  0.769428
599  0.690687
